0 0.534806 0.214903 0.534806 0.221767 0.541061 0.221767 0.541061 0.221103 0.541263 0.220881 0.541868 0.220881 0.541868 0.215788 0.541263 0.215788 0.541061 0.215567 0.541061 0.214903
0 0.325767 0.183902 0.325767 0.219110 0.326372 0.219110 0.326574 0.219331 0.326574 0.220881 0.327179 0.220881 0.327381 0.221103 0.327381 0.221767 0.328793 0.221767 0.328995 0.221988 0.328995 0.222653 0.338479 0.222653 0.338479 0.221103 0.337873 0.221103 0.337672 0.220881 0.337672 0.220217 0.337066 0.220217 0.336864 0.219996 0.336864 0.219331 0.336259 0.219331 0.336057 0.219110 0.336057 0.183902
0 0.323144 0.175930 0.310432 0.175930 0.310432 0.176594 0.310230 0.176816 0.308818 0.176816 0.308818 0.177480 0.308616 0.177702 0.308010 0.177702 0.308010 0.178366 0.307809 0.178587 0.307203 0.178587 0.307203 0.179252 0.307002 0.179473 0.306396 0.179473 0.306396 0.180137 0.306195 0.180359 0.305589 0.180359 0.305589 0.182795 0.305387 0.183016 0.304782 0.183016 0.304782 0.219110 0.305387 0.219110 0.305589 0.219331 0.305589 0.220881 0.306195 0.220881 0.306396 0.221103 0.306396 0.221767 0.307002 0.221767 0.307203 0.221988 0.307203 0.222653 0.314266 0.222653 0.314266 0.189216 0.314467 0.188995 0.315073 0.188995 0.315073 0.187445 0.315274 0.187223 0.315880 0.187223 0.315880 0.186559 0.316082 0.186337 0.323144 0.186337
0 0.582425 0.175044 0.582224 0.175930 0.580811 0.175930 0.580609 0.176816 0.579197 0.176816 0.579197 0.177480 0.578390 0.177702 0.578390 0.178366 0.577583 0.178587 0.577381 0.179473 0.576776 0.179473 0.576776 0.181023 0.575969 0.181244 0.575969 0.182795 0.575161 0.183016 0.575161 0.213795 0.575969 0.214017 0.575969 0.215567 0.576776 0.215788 0.576776 0.217338 0.577381 0.217338 0.577583 0.218224 0.578188 0.218224 0.578390 0.219110 0.579197 0.219331 0.579197 0.219996 0.580609 0.219996 0.580811 0.220881 0.582224 0.220881 0.582425 0.221767 0.583838 0.221767 0.584040 0.222653 0.586259 0.222653 0.586461 0.223539 0.599173 0.223539 0.599173 0.214903 0.589689 0.214903 0.589487 0.214017 0.588075 0.214017 0.587873 0.213131 0.586461 0.213131 0.586259 0.212245 0.585452 0.212024 0.585452 0.210474 0.584645 0.210252 0.584645 0.204274 0.585452 0.204052 0.585654 0.203167 0.591102 0.203167 0.591303 0.202281 0.593523 0.202281 0.593725 0.201395 0.595137 0.201395 0.595137 0.200731 0.595944 0.200509 0.595944 0.199845 0.596751 0.199624 0.596751 0.198959 0.597558 0.198738 0.597558 0.198074 0.598366 0.197852 0.598567 0.196966 0.599173 0.196966 0.599173 0.195416 0.599980 0.195195 0.599980 0.193645 0.600787 0.193423 0.600787 0.190102 0.601594 0.189880 0.601594 0.181244 0.600787 0.181023 0.600787 0.178587 0.600182 0.178587 0.599980 0.177702 0.599374 0.177702 0.599173 0.176816 0.598366 0.176594 0.598366 0.175930 0.596953 0.175930 0.596751 0.175044
0 0.548527 0.176816 0.548527 0.177480 0.547720 0.177702 0.547720 0.178366 0.546913 0.178587 0.546711 0.179473 0.546106 0.179473 0.546106 0.181023 0.545299 0.181244 0.545097 0.182130 0.544492 0.182130 0.544492 0.185452 0.543684 0.185673 0.543684 0.218224 0.544492 0.218446 0.544492 0.219996 0.545097 0.219996 0.545299 0.220881 0.545904 0.220881 0.546106 0.221767 0.546913 0.221988 0.546913 0.222653 0.548325 0.222653 0.548527 0.223539 0.553975 0.223539 0.553975 0.187445 0.554782 0.187223 0.554782 0.186559 0.555589 0.186337 0.555791 0.185452 0.560432 0.185452 0.560634 0.186337 0.561239 0.186337 0.561441 0.187223 0.562248 0.187445 0.562248 0.220881 0.562853 0.220881 0.563055 0.221767 0.563660 0.221767 0.563862 0.222653 0.564669 0.222874 0.564669 0.223539 0.572538 0.223539 0.572538 0.183016 0.571731 0.182795 0.571731 0.181244 0.571126 0.181244 0.570924 0.180359 0.570319 0.180359 0.570117 0.179473 0.569512 0.179473 0.569310 0.178587 0.568705 0.178587 0.568503 0.177702 0.567696 0.177480 0.567696 0.176816 0.566283 0.176816 0.566082 0.175930 0.563862 0.175930 0.563660 0.175044 0.552563 0.175044 0.552361 0.175930 0.550141 0.175930 0.549939 0.176816
0 0.534605 0.175044 0.524314 0.175044 0.524314 0.175709 0.524112 0.175930 0.521893 0.175930 0.521893 0.176594 0.521691 0.176816 0.520278 0.176816 0.520278 0.177480 0.520077 0.177702 0.519471 0.177702 0.519471 0.178366 0.519270 0.178587 0.518664 0.178587 0.518664 0.179252 0.518462 0.179473 0.517857 0.179473 0.517857 0.181023 0.517655 0.181244 0.517050 0.181244 0.517050 0.219996 0.517655 0.219996 0.517857 0.220217 0.517857 0.220881 0.518462 0.220881 0.518664 0.221103 0.518664 0.221767 0.519270 0.221767 0.519471 0.221988 0.519471 0.222653 0.525726 0.222653 0.525726 0.189216 0.525928 0.188995 0.526533 0.188995 0.526533 0.187445 0.526735 0.187223 0.527341 0.187223 0.527341 0.186559 0.527542 0.186337 0.528955 0.186337 0.528955 0.185673 0.529157 0.185452 0.534605 0.185452 0.534605 0.183902 0.534806 0.183680 0.535412 0.183680 0.535412 0.176816 0.534806 0.176816 0.534605 0.176594
0 0.492837 0.175044 0.492635 0.175930 0.491223 0.175930 0.491021 0.176816 0.489609 0.176816 0.489609 0.177480 0.488801 0.177702 0.488801 0.179252 0.487994 0.179473 0.487793 0.180359 0.487187 0.180359 0.487187 0.181909 0.486380 0.182130 0.486380 0.207595 0.485573 0.207817 0.485573 0.211138 0.486380 0.211360 0.486380 0.214681 0.486985 0.214681 0.487187 0.215567 0.487793 0.215567 0.487994 0.216453 0.488801 0.216674 0.488801 0.218224 0.489407 0.218224 0.489609 0.219110 0.491021 0.219110 0.491223 0.219996 0.492030 0.220217 0.492030 0.220881 0.493442 0.220881 0.493644 0.221767 0.495864 0.221767 0.496065 0.222653 0.510391 0.222653 0.510391 0.214903 0.509786 0.214903 0.509584 0.214017 0.499294 0.214017 0.499092 0.213131 0.498487 0.213131 0.498285 0.212245 0.497680 0.212245 0.497478 0.211360 0.496872 0.211360 0.496671 0.210474 0.495864 0.210252 0.495864 0.203388 0.496065 0.203167 0.500706 0.203167 0.500908 0.202281 0.503935 0.202281 0.504136 0.201395 0.505549 0.201395 0.505549 0.200731 0.506356 0.200509 0.506356 0.199845 0.507163 0.199624 0.507365 0.198738 0.508777 0.198738 0.508777 0.197188 0.509584 0.196966 0.509584 0.196302 0.510391 0.196081 0.510593 0.195195 0.511199 0.195195 0.511199 0.192759 0.512006 0.192538 0.512006 0.178587 0.511199 0.178366 0.511199 0.176816 0.509786 0.176816 0.509584 0.175930 0.508777 0.175709 0.508777 0.175044
0 0.399213 0.175044 0.399011 0.175930 0.397599 0.175930 0.397397 0.176816 0.395985 0.176816 0.395985 0.177480 0.395178 0.177702 0.395178 0.179252 0.394370 0.179473 0.394169 0.180359 0.393563 0.180359 0.393563 0.181909 0.392756 0.182130 0.392756 0.184566 0.391949 0.184787 0.391949 0.212024 0.392756 0.212245 0.392756 0.214681 0.393362 0.214681 0.393563 0.215567 0.394370 0.215788 0.394370 0.217338 0.394976 0.217338 0.395178 0.218224 0.395985 0.218446 0.395985 0.219110 0.397397 0.219110 0.397599 0.219996 0.398406 0.220217 0.398406 0.220881 0.399818 0.220881 0.400020 0.221767 0.402240 0.221767 0.402441 0.222653 0.416768 0.222653 0.416768 0.221988 0.417575 0.221767 0.417575 0.218446 0.416768 0.218224 0.416768 0.214017 0.406477 0.214017 0.406275 0.213131 0.404863 0.213131 0.404661 0.212245 0.404056 0.212245 0.403854 0.211360 0.403249 0.211360 0.403047 0.210474 0.402240 0.210252 0.402240 0.203388 0.402441 0.203167 0.407082 0.203167 0.407284 0.202281 0.410311 0.202281 0.410513 0.201395 0.411925 0.201395 0.411925 0.200731 0.412732 0.200509 0.412934 0.199624 0.414346 0.199624 0.414346 0.198959 0.415153 0.198738 0.415153 0.198074 0.415960 0.197852 0.416162 0.196966 0.416768 0.196966 0.416768 0.195416 0.417575 0.195195 0.417575 0.193645 0.418382 0.193423 0.418382 0.190988 0.419189 0.190766 0.419189 0.180359 0.418382 0.180137 0.418382 0.177702 0.417776 0.177702 0.417575 0.176816 0.416768 0.176594 0.416768 0.175930 0.415355 0.175930 0.415153 0.175044
0 0.426655 0.175930 0.426655 0.176594 0.425847 0.176816 0.425847 0.177480 0.425040 0.177702 0.425040 0.178366 0.424233 0.178587 0.424031 0.179473 0.423426 0.179473 0.423426 0.181023 0.422619 0.181244 0.422619 0.182795 0.421812 0.183016 0.421812 0.218224 0.422619 0.218446 0.422619 0.219996 0.423224 0.219996 0.423426 0.220881 0.424233 0.221103 0.424233 0.221767 0.425646 0.221767 0.425847 0.222653 0.432103 0.222653 0.432103 0.186559 0.432910 0.186337 0.432910 0.185673 0.433717 0.185452 0.433918 0.184566 0.437752 0.184566 0.437954 0.185452 0.439568 0.185673 0.439568 0.218224 0.440375 0.218446 0.440375 0.220881 0.440981 0.220881 0.441182 0.221767 0.441990 0.221988 0.441990 0.222653 0.450666 0.222653 0.450666 0.183016 0.449859 0.182795 0.449859 0.181244 0.449052 0.181023 0.449052 0.179473 0.448446 0.179473 0.448245 0.178587 0.447639 0.178587 0.447437 0.177702 0.446832 0.177702 0.446630 0.176816 0.445823 0.176594 0.445823 0.175930 0.444411 0.175930 0.444209 0.175044 0.441990 0.175044 0.441788 0.174159 0.430690 0.174159 0.430488 0.175044 0.428269 0.175044 0.428067 0.175930
0 0.325767 0.172387 0.325767 0.181909 0.326372 0.181909 0.326574 0.182130 0.326574 0.182795 0.334443 0.182795 0.334443 0.182130 0.334645 0.181909 0.335250 0.181909 0.335250 0.181244 0.335452 0.181023 0.336057 0.181023 0.336057 0.174159 0.336259 0.173937 0.336864 0.173937 0.336864 0.172387
0 0.281376 0.161758 0.281174 0.162644 0.279762 0.162644 0.279560 0.163530 0.278148 0.163530 0.278148 0.164194 0.277341 0.164415 0.277341 0.165080 0.276533 0.165301 0.276332 0.166187 0.275726 0.166187 0.275726 0.167737 0.274919 0.167958 0.274919 0.170394 0.274112 0.170616 0.274112 0.218224 0.274919 0.218446 0.274919 0.219996 0.275525 0.219996 0.275726 0.220881 0.276332 0.220881 0.276533 0.221767 0.277341 0.221988 0.277341 0.222653 0.285210 0.222653 0.285210 0.221988 0.286017 0.221767 0.286017 0.219331 0.285210 0.219110 0.285210 0.200731 0.286824 0.200509 0.287026 0.199624 0.289245 0.199624 0.289447 0.198738 0.290860 0.198738 0.291061 0.197852 0.293281 0.197852 0.293483 0.219110 0.294290 0.219331 0.294290 0.220881 0.294895 0.220881 0.295097 0.221767 0.295904 0.221988 0.295904 0.222653 0.302966 0.222653 0.302966 0.170616 0.302159 0.170394 0.302159 0.167958 0.301554 0.167958 0.301352 0.167073 0.300545 0.166851 0.300545 0.165301 0.299939 0.165301 0.299738 0.164415 0.298931 0.164194 0.298931 0.163530 0.297518 0.163530 0.297316 0.162644 0.295904 0.162644 0.295702 0.161758
0 0.478914 0.159101 0.471045 0.159101 0.471045 0.174823 0.470843 0.175044 0.469431 0.175044 0.469229 0.175930 0.466203 0.175930 0.466001 0.176816 0.463781 0.176816 0.463580 0.177702 0.462167 0.177702 0.461965 0.178587 0.460553 0.178587 0.460351 0.179473 0.458939 0.179473 0.458939 0.180137 0.458132 0.180359 0.458132 0.181023 0.457324 0.181244 0.457324 0.181909 0.456517 0.182130 0.456316 0.183016 0.455710 0.183016 0.455710 0.184566 0.454903 0.184787 0.454903 0.186337 0.454096 0.186559 0.454096 0.188995 0.453289 0.189216 0.453289 0.212910 0.454096 0.213131 0.454096 0.215567 0.454903 0.215788 0.454903 0.217338 0.455508 0.217338 0.455710 0.218224 0.456316 0.218224 0.456517 0.219110 0.457123 0.219110 0.457324 0.219996 0.458132 0.220217 0.458132 0.220881 0.459544 0.220881 0.459746 0.221767 0.461158 0.221767 0.461360 0.222653 0.474072 0.222653 0.474274 0.221767 0.476493 0.221767 0.476493 0.221103 0.477300 0.220881 0.477502 0.219996 0.478914 0.219996 0.478914 0.219331 0.479722 0.219110 0.479722 0.217560 0.480529 0.217338 0.480730 0.216453 0.481336 0.216453 0.481336 0.214903 0.482143 0.214681 0.482143 0.162644 0.481538 0.162644 0.481336 0.161758 0.480730 0.161758 0.480529 0.160872 0.479923 0.160872 0.479722 0.159987 0.478914 0.159765
0 0.645178 0.152901 0.642151 0.152901 0.641949 0.153787 0.640537 0.153787 0.640335 0.154672 0.638115 0.154672 0.637914 0.155558 0.635694 0.155558 0.635492 0.156444 0.633273 0.156444 0.633071 0.157329 0.631659 0.157329 0.631457 0.158215 0.629237 0.158215 0.629036 0.159101 0.626816 0.159101 0.626614 0.159987 0.625202 0.159987 0.625000 0.160872 0.622780 0.160872 0.622579 0.161758 0.620359 0.161758 0.620157 0.162644 0.617938 0.162644 0.617736 0.163530 0.616324 0.163530 0.616122 0.164415 0.613902 0.164415 0.613701 0.165301 0.611481 0.165301 0.611279 0.166187 0.609867 0.166187 0.609665 0.167073 0.607446 0.167073 0.607244 0.167958 0.605024 0.167958 0.604822 0.168844 0.603410 0.168844 0.603208 0.169730 0.601796 0.169730 0.601796 0.179252 0.602401 0.179252 0.602603 0.180137 0.604015 0.180137 0.604217 0.179252 0.605630 0.179252 0.605831 0.178366 0.608051 0.178366 0.608253 0.177480 0.610472 0.177480 0.610674 0.176594 0.612893 0.176594 0.613095 0.175709 0.614508 0.175709 0.614709 0.174823 0.616929 0.174823 0.617131 0.173937 0.618745 0.174159 0.618745 0.219996 0.619552 0.220217 0.619552 0.221767 0.620157 0.221767 0.620359 0.222653 0.621772 0.222653 0.621973 0.223539 0.628228 0.223539 0.628228 0.169730 0.629843 0.169508 0.630044 0.168623 0.632264 0.168623 0.632466 0.167737 0.634685 0.167737 0.634887 0.166851 0.636299 0.166851 0.636501 0.165965 0.638721 0.165965 0.638923 0.165080 0.641142 0.165080 0.641344 0.164194 0.642756 0.164194 0.642958 0.163308 0.644370 0.163308 0.644370 0.162644 0.645178 0.162422
0 0.404661 0.152901 0.404056 0.152901 0.403854 0.152015 0.402441 0.152015 0.402240 0.152901 0.399213 0.152901 0.399011 0.153787 0.397599 0.153787 0.397397 0.154672 0.395178 0.154672 0.394976 0.155558 0.392756 0.155558 0.392554 0.156444 0.391142 0.156444 0.390940 0.157329 0.388721 0.157329 0.388519 0.158215 0.383878 0.159101 0.383676 0.159987 0.382264 0.159987 0.382062 0.160872 0.377421 0.161758 0.377220 0.162644 0.375807 0.162644 0.375605 0.163530 0.370964 0.164415 0.370763 0.165301 0.369350 0.165301 0.369148 0.166187 0.366929 0.166187 0.366727 0.167073 0.362086 0.167958 0.362086 0.168623 0.361279 0.168844 0.361077 0.178587 0.359665 0.178587 0.358656 0.176816 0.357244 0.176816 0.357042 0.175930 0.354822 0.175930 0.354621 0.175044 0.341909 0.175044 0.341909 0.182795 0.342514 0.182795 0.342716 0.183680 0.350585 0.183680 0.350787 0.184566 0.352199 0.184566 0.352401 0.185452 0.354015 0.186559 0.354015 0.188109 0.354822 0.188330 0.354822 0.194309 0.351594 0.194531 0.351392 0.195416 0.347559 0.195416 0.347357 0.196302 0.344330 0.197188 0.343321 0.198959 0.341909 0.198959 0.341909 0.200509 0.339487 0.202502 0.339487 0.204938 0.338680 0.205159 0.338680 0.207595 0.337873 0.207817 0.337873 0.217338 0.338680 0.217560 0.339487 0.220881 0.340093 0.220881 0.340295 0.221767 0.341707 0.221767 0.341909 0.222653 0.358656 0.222653 0.358858 0.221767 0.359463 0.221767 0.359665 0.222653 0.364306 0.222653 0.364306 0.183016 0.361885 0.181023 0.361885 0.179473 0.363499 0.179252 0.363701 0.178366 0.365113 0.178366 0.365315 0.177480 0.367534 0.177480 0.367736 0.176594 0.369956 0.176594 0.370157 0.175709 0.372377 0.175709 0.372579 0.174823 0.373991 0.174823 0.374193 0.173937 0.376412 0.173937 0.376614 0.173051 0.378027 0.173051 0.378228 0.219110 0.379036 0.219331 0.379036 0.220881 0.379641 0.220881 0.379843 0.221767 0.381255 0.221767 0.381457 0.222653 0.387712 0.222653 0.387712 0.168844 0.389326 0.168623 0.389528 0.167737 0.391747 0.167737 0.391949 0.166851 0.394169 0.166851 0.394370 0.165965 0.395783 0.165965 0.395985 0.165080 0.398204 0.165080 0.398406 0.164194 0.400625 0.164194 0.400827 0.163308 0.402240 0.163308 0.402441 0.162422 0.404661 0.162422
0 0.260190 0.144043 0.248890 0.138729 0.231134 0.133415 0.197437 0.132529 0.180488 0.136072 0.161118 0.144929 0.161118 0.199624 0.163539 0.212024 0.166768 0.219996 0.173224 0.229739 0.189366 0.245903 0.186138 0.251882 0.206921 0.253654 0.202078 0.231732 0.195823 0.236160 0.183515 0.222653 0.175444 0.209367 0.173023 0.198738 0.173023 0.155558 0.186138 0.149136 0.204701 0.145593 0.229520 0.147365 0.243241 0.151794 0.249092 0.155558 0.249092 0.200509 0.245864 0.212024 0.237591 0.223760 0.235169 0.222653 0.218220 0.196081 0.217615 0.190766 0.220642 0.193423 0.231134 0.185452 0.229520 0.180359 0.218220 0.163530 0.207930 0.170616 0.206921 0.174159 0.203894 0.173273 0.195016 0.179473 0.194007 0.183902 0.190981 0.183016 0.181295 0.190988 0.193402 0.212024 0.197236 0.211138 0.205307 0.204938 0.205508 0.202281 0.208535 0.203167 0.235977 0.243911 0.250504 0.227967 0.256154 0.219110 0.259383 0.210252 0.261804 0.196081 0.261804 0.145815
