0 0.714107 0.601170 0.714107 0.602026 0.713915 0.602312 0.713337 0.602312 0.713337 0.604309 0.713915 0.604309 0.714107 0.604595 0.714107 0.605451 0.715454 0.605451 0.715454 0.604595 0.715647 0.604309 0.716224 0.604309 0.716224 0.602312 0.715647 0.602312 0.715454 0.602026 0.715454 0.601170
0 0.702560 0.601170 0.702560 0.602026 0.702367 0.602312 0.701790 0.602312 0.701790 0.604309 0.702367 0.604309 0.702560 0.604595 0.702560 0.605451 0.703907 0.605451 0.703907 0.604595 0.704099 0.604309 0.704677 0.604309 0.704677 0.602312 0.704099 0.602312 0.703907 0.602026 0.703907 0.601170
0 0.697171 0.601170 0.697171 0.602026 0.696978 0.602312 0.696401 0.602312 0.696401 0.604309 0.696978 0.604309 0.697171 0.604595 0.697171 0.605451 0.699288 0.605451 0.699288 0.604595 0.699480 0.604309 0.700058 0.604309 0.700058 0.602312 0.699480 0.602312 0.699288 0.602026 0.699288 0.601170
0 0.371536 0.601170 0.371536 0.602026 0.371343 0.602312 0.370766 0.602312 0.370766 0.603168 0.370574 0.603453 0.369996 0.603453 0.369996 0.604309 0.370574 0.604309 0.370766 0.604595 0.370766 0.605451 0.371343 0.605451 0.371536 0.605736 0.371536 0.606592 0.373653 0.606592 0.373653 0.605736 0.373845 0.605451 0.374423 0.605451 0.374423 0.604595 0.374615 0.604309 0.375192 0.604309 0.375192 0.603453 0.374615 0.603453 0.374423 0.603168 0.374423 0.602312 0.373845 0.602312 0.373653 0.602026 0.373653 0.601170
0 0.364607 0.601170 0.364607 0.602026 0.364415 0.602312 0.363838 0.602312 0.363838 0.603168 0.363645 0.603453 0.363068 0.603453 0.363068 0.604309 0.363645 0.604309 0.363838 0.604595 0.363838 0.605451 0.364415 0.605451 0.364607 0.605736 0.364607 0.606592 0.366724 0.606592 0.366724 0.605736 0.366917 0.605451 0.367494 0.605451 0.367494 0.604595 0.367687 0.604309 0.368264 0.604309 0.368264 0.603453 0.367687 0.603453 0.367494 0.603168 0.367494 0.602312 0.366917 0.602312 0.366724 0.602026 0.366724 0.601170
0 0.242783 0.580622 0.239896 0.580622 0.239896 0.597460 0.239704 0.597745 0.239126 0.597745 0.239126 0.598602 0.238934 0.598887 0.238356 0.598887 0.238356 0.599743 0.238164 0.600029 0.237587 0.600029 0.237587 0.600885 0.237394 0.601170 0.236817 0.601170 0.236817 0.602026 0.236624 0.602312 0.230658 0.602312 0.230658 0.603168 0.230466 0.603453 0.229888 0.603453 0.229888 0.605451 0.231236 0.605451 0.231428 0.605736 0.231428 0.606592 0.236624 0.606592 0.236624 0.605736 0.236817 0.605451 0.238934 0.605451 0.238934 0.604595 0.239126 0.604309 0.239704 0.604309 0.239704 0.603453 0.239896 0.603168 0.240473 0.603168 0.240473 0.602312 0.240666 0.602026 0.241243 0.602026 0.241243 0.601170 0.241436 0.600885 0.242013 0.600885 0.242013 0.597745 0.242206 0.597460 0.242783 0.597460
0 0.759334 0.579481 0.757987 0.579481 0.757987 0.580337 0.757794 0.580622 0.757217 0.580622 0.757217 0.597460 0.757025 0.597745 0.756447 0.597745 0.756447 0.598602 0.756255 0.598887 0.755677 0.598887 0.755677 0.599743 0.755485 0.600029 0.754908 0.600029 0.754908 0.600885 0.754715 0.601170 0.754138 0.601170 0.754138 0.602026 0.753945 0.602312 0.750289 0.602312 0.750289 0.603168 0.750096 0.603453 0.749519 0.603453 0.749519 0.605451 0.750096 0.605451 0.750289 0.605736 0.750289 0.606592 0.754715 0.606592 0.754715 0.605736 0.754908 0.605451 0.756255 0.605451 0.756255 0.604595 0.756447 0.604309 0.757025 0.604309 0.757025 0.603453 0.757217 0.603168 0.757794 0.603168 0.757794 0.602312 0.757987 0.602026 0.758564 0.602026 0.758564 0.601170 0.758757 0.600885 0.759334 0.600885 0.759334 0.598887 0.759527 0.598602 0.760104 0.598602 0.760104 0.580622 0.759527 0.580622 0.759334 0.580337
0 0.499134 0.580622 0.498557 0.580622 0.498364 0.579481 0.497017 0.579481 0.497017 0.580337 0.496247 0.580622 0.496247 0.588328 0.495477 0.588613 0.495285 0.589755 0.441590 0.589755 0.441590 0.590611 0.440820 0.590896 0.440820 0.592894 0.441397 0.592894 0.441590 0.594035 0.446786 0.594035 0.446978 0.595177 0.448518 0.595462 0.448518 0.598602 0.447748 0.598887 0.447748 0.599743 0.446978 0.600029 0.446786 0.601170 0.445439 0.601170 0.445246 0.602312 0.436971 0.602312 0.436778 0.601170 0.436201 0.601170 0.436008 0.600029 0.435431 0.600029 0.435239 0.598887 0.434661 0.598887 0.434469 0.597745 0.433699 0.597460 0.433699 0.585188 0.431582 0.585188 0.431582 0.586045 0.430812 0.586330 0.430812 0.587186 0.431582 0.587471 0.431582 0.588328 0.430812 0.588613 0.430812 0.589469 0.431582 0.589755 0.431582 0.590611 0.430812 0.590896 0.430812 0.591752 0.431582 0.592038 0.431582 0.592894 0.430812 0.593179 0.430812 0.594035 0.431582 0.594321 0.431582 0.595177 0.430812 0.595462 0.430812 0.598602 0.431582 0.598887 0.431582 0.600885 0.432352 0.601170 0.432352 0.603168 0.432929 0.603168 0.433122 0.604309 0.434469 0.604309 0.434661 0.605451 0.436778 0.605451 0.436971 0.606592 0.446016 0.606592 0.446209 0.605451 0.447556 0.605451 0.447748 0.604309 0.449095 0.604309 0.449095 0.603453 0.449865 0.603168 0.450058 0.602026 0.450635 0.602026 0.450635 0.597745 0.451405 0.597460 0.451597 0.594035 0.496055 0.594035 0.496055 0.593179 0.496824 0.592894 0.496824 0.592038 0.497594 0.591752 0.497594 0.590896 0.498364 0.590611 0.498557 0.589469 0.499134 0.589469
0 0.389819 0.579481 0.387702 0.579481 0.387702 0.580337 0.387510 0.580622 0.386932 0.580622 0.386932 0.597460 0.386740 0.597745 0.386162 0.597745 0.386162 0.598602 0.385970 0.598887 0.385393 0.598887 0.385393 0.600885 0.385200 0.601170 0.383853 0.601170 0.383853 0.602026 0.383660 0.602312 0.377694 0.602312 0.377694 0.603168 0.377502 0.603453 0.376925 0.603453 0.376925 0.605451 0.377502 0.605451 0.377694 0.605736 0.377694 0.606592 0.384430 0.606592 0.384430 0.605736 0.384623 0.605451 0.385970 0.605451 0.385970 0.604595 0.386162 0.604309 0.386740 0.604309 0.386740 0.603453 0.386932 0.603168 0.387510 0.603168 0.387510 0.602312 0.387702 0.602026 0.389049 0.602026 0.389049 0.600029 0.389242 0.599743 0.389819 0.599743 0.389819 0.598887 0.390012 0.598602 0.390589 0.598602 0.390589 0.580622 0.390012 0.580622 0.389819 0.580337
0 0.745477 0.580622 0.744900 0.580622 0.744707 0.579481 0.743360 0.579481 0.743360 0.580337 0.742590 0.580622 0.742590 0.586045 0.741821 0.586330 0.741821 0.588328 0.741051 0.588613 0.740858 0.589755 0.725654 0.589755 0.724692 0.587471 0.725462 0.587186 0.725462 0.586330 0.726232 0.586045 0.727194 0.583761 0.727771 0.583761 0.727771 0.580622 0.727002 0.580337 0.727002 0.578339 0.726424 0.578339 0.725462 0.576056 0.724115 0.576056 0.723922 0.574914 0.722575 0.574914 0.722383 0.573773 0.711798 0.573773 0.711798 0.576912 0.720843 0.576912 0.721035 0.578054 0.722383 0.578054 0.722575 0.579195 0.723922 0.579195 0.724115 0.580337 0.724885 0.580622 0.724885 0.583761 0.724115 0.584047 0.723152 0.586330 0.721805 0.586330 0.720843 0.588613 0.718726 0.588613 0.718534 0.589755 0.707179 0.589755 0.706986 0.588613 0.705446 0.587186 0.705446 0.578339 0.703330 0.578339 0.703330 0.587186 0.702560 0.587471 0.701597 0.589755 0.657910 0.589755 0.657717 0.588613 0.656948 0.588328 0.656948 0.580622 0.654061 0.580622 0.654061 0.596318 0.653291 0.596604 0.653291 0.598602 0.652521 0.598887 0.652521 0.600885 0.650982 0.601170 0.650789 0.602312 0.645593 0.602312 0.645593 0.603168 0.644823 0.603453 0.644823 0.605451 0.652329 0.605451 0.652521 0.604309 0.653868 0.604309 0.653868 0.603453 0.654638 0.603168 0.655600 0.600885 0.656178 0.600885 0.656178 0.598887 0.656948 0.598602 0.656948 0.596604 0.657717 0.596318 0.657910 0.594035 0.718534 0.594035 0.718726 0.592894 0.720843 0.592894 0.721035 0.591752 0.722383 0.591752 0.722575 0.592894 0.723922 0.592894 0.724115 0.594035 0.742398 0.594035 0.743360 0.591752 0.744707 0.591752 0.744707 0.590896 0.745477 0.590611
0 0.634045 0.572631 0.634045 0.573487 0.633853 0.573773 0.633276 0.573773 0.633276 0.575771 0.633853 0.575771 0.634045 0.576056 0.634045 0.576912 0.633853 0.577197 0.633276 0.577197 0.633276 0.578054 0.633083 0.578339 0.632506 0.578339 0.632506 0.579195 0.632313 0.579481 0.631736 0.579481 0.631736 0.580337 0.631544 0.580622 0.630966 0.580622 0.630966 0.581478 0.630774 0.581764 0.630196 0.581764 0.630196 0.583761 0.630004 0.584047 0.629426 0.584047 0.629426 0.591752 0.630004 0.591752 0.630196 0.592038 0.630196 0.592894 0.630774 0.592894 0.630966 0.593179 0.630966 0.594035 0.631544 0.594035 0.631736 0.594321 0.631736 0.595177 0.640012 0.595177 0.640012 0.594321 0.640204 0.594035 0.641551 0.594035 0.641551 0.593179 0.641744 0.592894 0.642321 0.592894 0.642321 0.590896 0.642513 0.590611 0.643091 0.590611 0.643091 0.584047 0.642513 0.584047 0.642321 0.583761 0.642321 0.581764 0.641744 0.581764 0.641551 0.581478 0.641551 0.579481 0.640974 0.579481 0.640781 0.579195 0.640781 0.578339 0.639434 0.578339 0.639242 0.578054 0.639242 0.577197 0.638664 0.577197 0.638472 0.576912 0.638472 0.576056 0.637895 0.576056 0.637702 0.575771 0.637702 0.574914 0.637125 0.574914 0.636932 0.574629 0.636932 0.573773 0.636355 0.573773 0.636162 0.573487 0.636162 0.572631
0 0.247594 0.594035 0.260489 0.594035 0.260681 0.591752 0.262798 0.591752 0.262991 0.592894 0.265108 0.592894 0.265300 0.594035 0.308218 0.594035 0.308410 0.592894 0.308988 0.592894 0.309180 0.594035 0.322075 0.594035 0.322267 0.592894 0.323614 0.592894 0.323614 0.592038 0.324384 0.591752 0.324384 0.579481 0.321497 0.579481 0.321497 0.588328 0.320727 0.588613 0.320535 0.589755 0.311490 0.589755 0.311297 0.588613 0.310527 0.588328 0.310527 0.580622 0.309950 0.580622 0.309758 0.579481 0.307640 0.579481 0.307640 0.580337 0.306871 0.580622 0.306871 0.588328 0.306101 0.588613 0.305908 0.589755 0.266070 0.589755 0.265878 0.588613 0.264530 0.588613 0.264338 0.587471 0.263761 0.587471 0.263568 0.586330 0.262991 0.586330 0.262798 0.585188 0.262221 0.585188 0.262028 0.584047 0.261451 0.584047 0.261259 0.582905 0.260681 0.582905 0.260489 0.581764 0.259719 0.581478 0.259719 0.579481 0.258372 0.579481 0.258179 0.578339 0.257410 0.578054 0.257410 0.576056 0.255870 0.575771 0.255870 0.573773 0.255293 0.573773 0.255100 0.572631 0.252983 0.572631 0.252983 0.573487 0.252213 0.573773 0.252213 0.575771 0.252791 0.575771 0.252983 0.576912 0.253560 0.576912 0.253753 0.578054 0.254330 0.578054 0.254523 0.579195 0.255100 0.579195 0.255293 0.580337 0.255870 0.580337 0.256062 0.581478 0.256640 0.581478 0.256832 0.582620 0.257410 0.582620 0.257602 0.583761 0.258372 0.584047 0.258372 0.586045 0.259142 0.586330 0.259142 0.589469 0.247594 0.589755
0 0.737202 0.570348 0.737202 0.571204 0.737779 0.571204 0.737972 0.571490 0.737972 0.573487 0.738549 0.573487 0.738741 0.573773 0.738741 0.574629 0.741628 0.574629 0.741628 0.573773 0.741821 0.573487 0.742398 0.573487 0.742398 0.570348 0.741821 0.570348 0.741628 0.570063 0.741628 0.569207 0.737972 0.569207 0.737972 0.570063 0.737779 0.570348
0 0.496247 0.570348 0.496247 0.572346 0.496824 0.572346 0.497017 0.572631 0.497017 0.574629 0.499134 0.574629 0.499134 0.573773 0.499326 0.573487 0.500674 0.573487 0.500674 0.570348 0.500096 0.570348 0.499904 0.570063 0.499904 0.569207 0.499326 0.569207 0.499134 0.568921 0.499134 0.568065 0.497787 0.568065 0.497787 0.568921 0.497594 0.569207 0.497017 0.569207 0.497017 0.570063 0.496824 0.570348
0 0.491628 0.568065 0.491628 0.568921 0.491436 0.569207 0.490858 0.569207 0.490858 0.570063 0.490666 0.570348 0.490089 0.570348 0.490089 0.572346 0.490666 0.572346 0.490858 0.572631 0.490858 0.573487 0.491436 0.573487 0.491628 0.573773 0.491628 0.574629 0.492975 0.574629 0.492975 0.573773 0.493168 0.573487 0.493745 0.573487 0.493745 0.572631 0.493938 0.572346 0.494515 0.572346 0.494515 0.570348 0.493938 0.570348 0.493745 0.570063 0.493745 0.569207 0.493168 0.569207 0.492975 0.568921 0.492975 0.568065
0 0.323807 0.568065 0.323807 0.568921 0.323614 0.569207 0.323037 0.569207 0.323037 0.570063 0.322845 0.570348 0.322267 0.570348 0.322267 0.572346 0.322845 0.572346 0.323037 0.572631 0.323037 0.573487 0.323614 0.573487 0.323807 0.573773 0.323807 0.574629 0.325924 0.574629 0.325924 0.573773 0.326116 0.573487 0.326694 0.573487 0.326694 0.572631 0.326886 0.572346 0.327463 0.572346 0.327463 0.570348 0.326886 0.570348 0.326694 0.570063 0.326694 0.569207 0.326116 0.569207 0.325924 0.568921 0.325924 0.568065
0 0.317648 0.568065 0.317648 0.568921 0.317456 0.569207 0.316878 0.569207 0.316878 0.570063 0.316686 0.570348 0.316109 0.570348 0.316109 0.572346 0.316686 0.572346 0.316878 0.572631 0.316878 0.573487 0.317456 0.573487 0.317648 0.573773 0.317648 0.574629 0.319765 0.574629 0.319765 0.573773 0.319958 0.573487 0.320535 0.573487 0.320535 0.572631 0.320727 0.572346 0.321305 0.572346 0.321305 0.570348 0.320727 0.570348 0.320535 0.570063 0.320535 0.569207 0.319958 0.569207 0.319765 0.568921 0.319765 0.568065
0 0.303791 0.568065 0.303791 0.568921 0.303599 0.569207 0.303022 0.569207 0.303022 0.570063 0.302829 0.570348 0.302252 0.570348 0.302252 0.572346 0.302829 0.572346 0.303022 0.572631 0.303022 0.573487 0.303599 0.573487 0.303791 0.573773 0.303791 0.574629 0.305908 0.574629 0.305908 0.573773 0.306101 0.573487 0.306678 0.573487 0.306678 0.572631 0.306871 0.572346 0.307448 0.572346 0.307448 0.570348 0.306871 0.570348 0.306678 0.570063 0.306678 0.569207 0.306101 0.569207 0.305908 0.568921 0.305908 0.568065
0 0.396940 0.565782 0.396940 0.594035 0.399827 0.594035 0.399827 0.565782
0 0.331505 0.565782 0.331505 0.588328 0.332082 0.588328 0.332275 0.588613 0.332275 0.590611 0.332852 0.590611 0.333045 0.590896 0.333045 0.592894 0.334392 0.592894 0.334584 0.593179 0.334584 0.594035 0.371343 0.594035 0.371343 0.593179 0.371536 0.592894 0.373653 0.592894 0.373653 0.592038 0.373845 0.591752 0.374423 0.591752 0.374423 0.589755 0.374615 0.589469 0.375192 0.589469 0.375192 0.580622 0.374615 0.580622 0.374423 0.580337 0.374423 0.579481 0.372306 0.579481 0.372306 0.580337 0.372113 0.580622 0.371536 0.580622 0.371536 0.588328 0.371343 0.588613 0.369996 0.588613 0.369996 0.589469 0.369804 0.589755 0.336124 0.589755 0.335931 0.589469 0.335931 0.588613 0.335354 0.588613 0.335162 0.588328 0.335162 0.565782 0.334584 0.565782 0.334392 0.565497 0.334392 0.564640 0.332275 0.564640 0.332275 0.565497 0.332082 0.565782
0 0.756447 0.563499 0.756447 0.564355 0.756255 0.564640 0.755677 0.564640 0.755677 0.567780 0.756255 0.567780 0.756447 0.568065 0.756447 0.568921 0.759334 0.568921 0.759334 0.568065 0.759527 0.567780 0.760104 0.567780 0.760104 0.564640 0.759527 0.564640 0.759334 0.564355 0.759334 0.563499
0 0.549365 0.563499 0.549365 0.590611 0.550135 0.590896 0.550135 0.592894 0.551482 0.592894 0.551674 0.594035 0.568418 0.594035 0.568610 0.592894 0.570727 0.592894 0.570727 0.592038 0.571497 0.591752 0.571690 0.590611 0.572267 0.590611 0.572460 0.591752 0.573229 0.592038 0.573229 0.592894 0.574577 0.592894 0.574769 0.594035 0.588433 0.594035 0.588433 0.593179 0.589203 0.592894 0.589396 0.591752 0.590743 0.591752 0.590935 0.590611 0.591513 0.590611 0.591705 0.591752 0.592475 0.592038 0.592475 0.592894 0.593822 0.592894 0.594015 0.594035 0.599211 0.594035 0.599403 0.592894 0.600751 0.592894 0.600751 0.592038 0.601520 0.591752 0.601520 0.588613 0.602290 0.588328 0.602290 0.580622 0.601520 0.580337 0.601520 0.578339 0.600751 0.578054 0.600751 0.576056 0.598634 0.576056 0.598441 0.574914 0.594015 0.574914 0.593822 0.576056 0.592475 0.576056 0.592475 0.576912 0.591705 0.577197 0.591513 0.578339 0.590935 0.578339 0.590935 0.581478 0.590165 0.581764 0.590165 0.586045 0.589396 0.586330 0.589396 0.587186 0.588626 0.587471 0.588626 0.588328 0.587856 0.588613 0.587664 0.589755 0.575539 0.589755 0.575346 0.588613 0.574577 0.588328 0.574577 0.587471 0.575346 0.587186 0.575346 0.586330 0.576116 0.586045 0.576309 0.584903 0.577656 0.584903 0.577656 0.582905 0.578426 0.582620 0.578426 0.580622 0.579196 0.580337 0.579196 0.578339 0.578618 0.578339 0.578426 0.577197 0.577079 0.577197 0.576886 0.576056 0.566301 0.576056 0.566301 0.576912 0.565531 0.577197 0.565531 0.579195 0.564761 0.579481 0.564761 0.581478 0.565339 0.581478 0.565531 0.582620 0.566109 0.582620 0.566301 0.583761 0.566878 0.583761 0.567071 0.584903 0.567648 0.584903 0.567841 0.586045 0.568610 0.586330 0.568610 0.588328 0.567841 0.588613 0.567648 0.589755 0.553984 0.589755 0.553791 0.588613 0.552252 0.588328 0.552252 0.585188 0.553022 0.584903 0.553022 0.584047 0.552252 0.583761 0.552252 0.562357 0.550135 0.562357 0.550135 0.563213
0 0.505485 0.562357 0.505485 0.590611 0.506062 0.590611 0.506255 0.591752 0.506832 0.591752 0.507025 0.592894 0.507794 0.593179 0.507794 0.594035 0.518380 0.594035 0.518380 0.593179 0.519149 0.592894 0.519342 0.591752 0.519919 0.591752 0.520112 0.592894 0.520881 0.593179 0.520881 0.594035 0.534546 0.594035 0.534738 0.592894 0.536085 0.592894 0.536278 0.594035 0.543014 0.594035 0.543014 0.593179 0.543784 0.592894 0.543976 0.591752 0.545323 0.591752 0.545323 0.581764 0.544554 0.581478 0.544554 0.578339 0.543976 0.578339 0.543784 0.577197 0.543014 0.576912 0.543014 0.576056 0.541667 0.576056 0.541474 0.574914 0.537818 0.574914 0.537625 0.576056 0.536278 0.576056 0.536278 0.576912 0.535508 0.577197 0.535508 0.580337 0.534738 0.580622 0.534738 0.583761 0.533968 0.584047 0.533968 0.588328 0.533199 0.588613 0.533006 0.589755 0.520112 0.589755 0.519919 0.588613 0.519149 0.588328 0.519149 0.562357 0.517032 0.562357 0.517032 0.588328 0.516263 0.588613 0.516070 0.589755 0.509334 0.589755 0.509142 0.588613 0.508372 0.588328 0.508372 0.586330 0.507602 0.586045 0.507602 0.568065 0.508372 0.567780 0.508372 0.566923 0.507602 0.566638 0.507602 0.562357
0 0.390781 0.565497 0.393668 0.565497 0.393668 0.563499 0.393861 0.563213 0.405985 0.563213 0.405985 0.560074 0.393091 0.560074 0.393091 0.560930 0.392898 0.561216 0.391551 0.561216 0.391551 0.562072 0.391359 0.562357 0.390781 0.562357
0 0.261451 0.469892 0.261451 0.470748 0.261259 0.471033 0.260681 0.471033 0.260681 0.471889 0.260489 0.472175 0.259142 0.472175 0.259142 0.473031 0.258949 0.473316 0.257602 0.473316 0.257602 0.474172 0.257410 0.474458 0.256832 0.474458 0.256832 0.475314 0.256640 0.475599 0.255293 0.475599 0.255293 0.476455 0.255100 0.476741 0.253753 0.476741 0.253753 0.478739 0.253560 0.479024 0.252983 0.479024 0.252983 0.482163 0.253560 0.482163 0.253753 0.482449 0.253753 0.484446 0.254330 0.484446 0.254523 0.484732 0.254523 0.486729 0.255100 0.486729 0.255293 0.487015 0.255293 0.487871 0.255870 0.487871 0.256062 0.488156 0.256062 0.490154 0.257410 0.490154 0.257602 0.490440 0.257602 0.492437 0.258179 0.492437 0.258372 0.492723 0.258372 0.494720 0.258949 0.494720 0.259142 0.495006 0.259142 0.497003 0.260489 0.497003 0.260681 0.497289 0.260681 0.499287 0.261259 0.499287 0.261451 0.499572 0.261451 0.500428 0.262028 0.500428 0.262221 0.500713 0.262221 0.501570 0.262798 0.501570 0.262991 0.501855 0.262991 0.503853 0.263568 0.503853 0.263761 0.504138 0.263761 0.506136 0.267417 0.506136 0.267417 0.504138 0.267610 0.503853 0.268187 0.503853 0.268187 0.501855 0.268380 0.501570 0.270497 0.501570 0.270497 0.499572 0.270689 0.499287 0.272036 0.499287 0.272036 0.498430 0.272229 0.498145 0.273576 0.498145 0.273576 0.497289 0.273768 0.497003 0.274346 0.497003 0.274346 0.496147 0.274538 0.495862 0.275115 0.495862 0.275115 0.493864 0.274538 0.493864 0.274346 0.493579 0.274346 0.492723 0.273768 0.492723 0.273576 0.492437 0.273576 0.490440 0.272998 0.490440 0.272806 0.490154 0.272806 0.489298 0.272229 0.489298 0.272036 0.489013 0.272036 0.488156 0.271459 0.488156 0.271266 0.487871 0.271266 0.485873 0.270689 0.485873 0.270497 0.485588 0.270497 0.484732 0.269919 0.484732 0.269727 0.484446 0.269727 0.483590 0.269149 0.483590 0.268957 0.483305 0.268957 0.482449 0.268380 0.482449 0.268187 0.482163 0.268187 0.481307 0.267610 0.481307 0.267417 0.481022 0.267417 0.480166 0.266840 0.480166 0.266647 0.479880 0.266647 0.477882 0.266070 0.477882 0.265878 0.477597 0.265878 0.475599 0.265300 0.475599 0.265108 0.475314 0.265108 0.474458 0.264530 0.474458 0.264338 0.474172 0.264338 0.473316 0.263761 0.473316 0.263568 0.473031 0.263568 0.472175 0.262991 0.472175 0.262798 0.471889 0.262798 0.469892
0 0.422344 0.461901 0.422344 0.520976 0.423114 0.521261 0.423114 0.523259 0.422344 0.523545 0.422344 0.527825 0.423114 0.528111 0.423114 0.530108 0.422344 0.530394 0.422344 0.538099 0.423114 0.538385 0.423114 0.540382 0.423691 0.540382 0.423884 0.541524 0.424461 0.541524 0.424654 0.542666 0.425423 0.542951 0.425423 0.543807 0.426771 0.543807 0.426963 0.544949 0.442937 0.544949 0.442937 0.544092 0.442360 0.544092 0.442167 0.542951 0.441590 0.542951 0.441397 0.541809 0.440820 0.541809 0.440627 0.540668 0.440050 0.540668 0.439858 0.539526 0.439280 0.539526 0.439088 0.538385 0.438318 0.538099 0.438318 0.461901
0 0.417533 0.444777 0.396170 0.444777 0.395978 0.445919 0.394630 0.445919 0.394630 0.446775 0.393861 0.447060 0.393861 0.447917 0.393091 0.448202 0.393091 0.449058 0.392321 0.449344 0.392321 0.450200 0.391551 0.450485 0.391551 0.451341 0.390781 0.451627 0.390589 0.452768 0.390012 0.452768 0.390012 0.454766 0.389242 0.455051 0.389242 0.540382 0.390012 0.540668 0.390012 0.542666 0.390589 0.542666 0.390781 0.543807 0.391359 0.543807 0.391551 0.544949 0.392321 0.545234 0.392321 0.546090 0.393668 0.546090 0.393861 0.547232 0.404446 0.547232 0.404446 0.468750 0.405216 0.468465 0.405408 0.467323 0.417533 0.467323
0 0.761644 0.443636 0.742590 0.443636 0.742398 0.444777 0.740281 0.444777 0.740281 0.445634 0.739511 0.445919 0.739511 0.446775 0.738741 0.447060 0.738549 0.448202 0.737202 0.448202 0.737202 0.449058 0.736432 0.449344 0.736239 0.450485 0.735662 0.450485 0.735662 0.452483 0.734892 0.452768 0.734700 0.453910 0.734122 0.453910 0.734122 0.455908 0.733353 0.456193 0.733353 0.459332 0.732583 0.459618 0.732583 0.478739 0.731813 0.479024 0.731813 0.485588 0.732583 0.485873 0.732583 0.539241 0.733353 0.539526 0.733353 0.541524 0.733930 0.541524 0.734122 0.542666 0.734892 0.542951 0.734892 0.543807 0.736239 0.543807 0.736432 0.544949 0.746247 0.544949 0.746247 0.472175 0.747017 0.471889 0.747017 0.469892 0.747787 0.469606 0.747787 0.467608 0.748557 0.467323 0.748557 0.466467 0.749326 0.466182 0.749519 0.465040 0.761644 0.465040
0 0.693322 0.442494 0.693129 0.443636 0.691782 0.443636 0.691782 0.444492 0.691012 0.444777 0.690820 0.445919 0.689473 0.445919 0.689473 0.446775 0.688703 0.447060 0.688703 0.447917 0.687933 0.448202 0.687933 0.449058 0.687163 0.449344 0.686971 0.450485 0.685624 0.450485 0.685624 0.451341 0.684854 0.451627 0.684854 0.452483 0.684084 0.452768 0.683891 0.453910 0.683314 0.453910 0.683314 0.455908 0.682544 0.456193 0.682544 0.458191 0.681774 0.458476 0.681774 0.524401 0.682544 0.524686 0.682544 0.527825 0.683122 0.527825 0.683314 0.528967 0.684084 0.529252 0.684084 0.531250 0.684661 0.531250 0.684854 0.532392 0.685624 0.532677 0.685624 0.533533 0.686971 0.533533 0.687163 0.534675 0.687741 0.534675 0.687933 0.535816 0.688510 0.535816 0.688703 0.536958 0.689280 0.536958 0.689473 0.538099 0.690242 0.538385 0.690242 0.539241 0.691590 0.539241 0.691782 0.541524 0.693129 0.541524 0.693322 0.542666 0.694092 0.542951 0.694092 0.543807 0.696209 0.543807 0.696401 0.544949 0.698518 0.544949 0.698711 0.546090 0.721613 0.546090 0.721613 0.528111 0.704869 0.528111 0.704677 0.526969 0.702560 0.526969 0.702367 0.525828 0.701020 0.525828 0.700828 0.524686 0.700250 0.524686 0.700058 0.523545 0.699288 0.523259 0.699288 0.521261 0.698518 0.520976 0.698518 0.518978 0.697748 0.518693 0.697748 0.515554 0.696978 0.515268 0.696978 0.501855 0.708526 0.501570 0.708526 0.500713 0.709296 0.500428 0.709488 0.499287 0.710835 0.499287 0.711028 0.498145 0.713145 0.498145 0.713145 0.497289 0.713915 0.497003 0.714107 0.495862 0.715454 0.495862 0.715454 0.495006 0.716224 0.494720 0.716224 0.493864 0.716994 0.493579 0.716994 0.492723 0.717764 0.492437 0.717764 0.491581 0.718534 0.491296 0.718534 0.490440 0.719303 0.490154 0.719303 0.489298 0.720073 0.489013 0.720073 0.488156 0.720843 0.487871 0.721035 0.486729 0.721613 0.486729 0.721613 0.484732 0.722383 0.484446 0.722383 0.482449 0.723152 0.482163 0.723152 0.477882 0.723922 0.477597 0.723922 0.458476 0.724692 0.458191 0.724692 0.457334 0.723922 0.457049 0.723922 0.451627 0.723152 0.451341 0.723152 0.449344 0.722575 0.449344 0.722383 0.448202 0.721613 0.447917 0.721613 0.445919 0.721035 0.445919 0.720843 0.444777 0.719496 0.444777 0.719303 0.443636 0.717186 0.443636 0.716994 0.442494
0 0.541667 0.442494 0.541474 0.443636 0.540127 0.443636 0.539935 0.444777 0.538587 0.444777 0.538395 0.445919 0.537048 0.445919 0.537048 0.446775 0.536278 0.447060 0.536278 0.447917 0.535508 0.448202 0.535508 0.449058 0.534738 0.449344 0.534738 0.450200 0.533968 0.450485 0.533776 0.451627 0.533199 0.451627 0.533199 0.453624 0.532429 0.453910 0.532236 0.455051 0.531659 0.455051 0.531659 0.457049 0.530889 0.457334 0.530889 0.524401 0.531659 0.524686 0.531659 0.530108 0.532236 0.530108 0.532429 0.531250 0.533776 0.531250 0.533968 0.533533 0.534546 0.533533 0.534738 0.534675 0.536085 0.534675 0.536278 0.536958 0.536855 0.536958 0.537048 0.538099 0.538395 0.538099 0.538587 0.539241 0.539165 0.539241 0.539357 0.540382 0.540127 0.540668 0.540127 0.541524 0.541474 0.541524 0.541667 0.542666 0.543014 0.542666 0.543206 0.543807 0.546093 0.543807 0.546286 0.544949 0.549172 0.544949 0.549365 0.546090 0.569958 0.546090 0.569958 0.528111 0.552444 0.528111 0.552252 0.526969 0.550905 0.526969 0.550712 0.525828 0.549365 0.525828 0.549172 0.524686 0.547825 0.524686 0.547633 0.523545 0.546863 0.523259 0.546863 0.521261 0.546093 0.520976 0.546093 0.518978 0.545323 0.518693 0.545323 0.515554 0.546093 0.515268 0.546093 0.513271 0.545323 0.512985 0.545323 0.506421 0.546093 0.506136 0.546286 0.502711 0.550712 0.502711 0.550905 0.501570 0.556871 0.501570 0.557063 0.500428 0.558410 0.500428 0.558603 0.499287 0.560720 0.499287 0.560912 0.498145 0.562259 0.498145 0.562259 0.497289 0.563029 0.497003 0.563029 0.496147 0.563799 0.495862 0.563799 0.495006 0.564569 0.494720 0.564569 0.493864 0.565339 0.493579 0.565339 0.492723 0.566109 0.492437 0.566301 0.491296 0.567648 0.491296 0.567648 0.489298 0.568418 0.489013 0.568610 0.487871 0.569188 0.487871 0.569188 0.485873 0.569958 0.485588 0.570150 0.484446 0.570727 0.484446 0.570727 0.482449 0.571497 0.482163 0.571497 0.480166 0.572267 0.479880 0.572267 0.463042 0.571497 0.462757 0.571497 0.453910 0.570727 0.453624 0.570727 0.451627 0.569958 0.451341 0.569958 0.448202 0.568610 0.448202 0.568418 0.447060 0.567841 0.447060 0.567648 0.445919 0.566878 0.445634 0.566878 0.444777 0.563222 0.444777 0.563029 0.443636 0.560142 0.443636 0.559950 0.442494
0 0.449288 0.442494 0.449288 0.450200 0.448518 0.450485 0.448518 0.451341 0.449288 0.451627 0.449288 0.460474 0.460643 0.460474 0.460835 0.461615 0.462952 0.461615 0.463145 0.462757 0.465262 0.462757 0.465454 0.463898 0.466032 0.463898 0.466224 0.465040 0.466801 0.465040 0.466994 0.466182 0.467571 0.466182 0.467764 0.467323 0.468533 0.467608 0.468533 0.469606 0.469303 0.469892 0.469303 0.471889 0.470073 0.472175 0.470073 0.485588 0.457756 0.485873 0.457564 0.487015 0.456216 0.487015 0.456216 0.487871 0.455447 0.488156 0.455254 0.489298 0.453907 0.489298 0.453714 0.490440 0.452367 0.490440 0.452367 0.491296 0.451597 0.491581 0.451597 0.492437 0.450828 0.492723 0.450635 0.493864 0.449288 0.493864 0.449288 0.494720 0.448518 0.495006 0.448326 0.496147 0.447748 0.496147 0.447748 0.498145 0.446978 0.498430 0.446978 0.500428 0.446209 0.500713 0.446209 0.502711 0.445439 0.502997 0.445439 0.504994 0.444669 0.505280 0.444669 0.507277 0.443899 0.507563 0.443899 0.509561 0.443129 0.509846 0.443129 0.511844 0.442360 0.512129 0.442360 0.534675 0.443129 0.534960 0.443129 0.536958 0.443899 0.537243 0.443899 0.539241 0.444477 0.539241 0.444669 0.540382 0.445439 0.540668 0.445439 0.541524 0.446786 0.541524 0.446978 0.542666 0.448326 0.542666 0.448518 0.543807 0.449865 0.543807 0.450058 0.544949 0.475269 0.544949 0.475269 0.544092 0.476039 0.543807 0.476039 0.542951 0.476809 0.542666 0.477002 0.541524 0.477579 0.541524 0.477771 0.542666 0.478541 0.542951 0.478541 0.544949 0.479119 0.544949 0.479311 0.546090 0.484507 0.546090 0.484507 0.461901 0.483737 0.461615 0.483737 0.459618 0.482968 0.459332 0.482968 0.457334 0.482390 0.457334 0.482198 0.456193 0.481620 0.456193 0.481428 0.455051 0.480851 0.455051 0.480658 0.453910 0.480081 0.453910 0.479888 0.452768 0.479311 0.452768 0.479119 0.451627 0.478349 0.451341 0.478349 0.450485 0.477002 0.450485 0.476809 0.449344 0.476039 0.449058 0.476039 0.448202 0.474692 0.448202 0.474500 0.447060 0.473922 0.447060 0.473730 0.445919 0.472960 0.445634 0.472960 0.444777 0.471613 0.444777 0.471420 0.443636 0.470073 0.443636 0.469881 0.442494
0 0.585547 0.444777 0.585547 0.445634 0.584777 0.445919 0.584777 0.446775 0.584007 0.447060 0.583045 0.449344 0.581697 0.449344 0.581697 0.450200 0.580928 0.450485 0.580928 0.451341 0.580158 0.451627 0.579196 0.453910 0.578618 0.453910 0.578618 0.455908 0.577848 0.456193 0.577848 0.460474 0.577079 0.460759 0.577079 0.534675 0.577848 0.534960 0.577848 0.536958 0.578426 0.536958 0.578618 0.538099 0.579196 0.538099 0.579388 0.539241 0.579965 0.539241 0.580158 0.540382 0.581697 0.541809 0.581697 0.542666 0.583045 0.542666 0.583237 0.543807 0.584584 0.543807 0.584777 0.544949 0.593822 0.544949 0.593822 0.468750 0.594592 0.468465 0.594592 0.466467 0.595362 0.466182 0.595362 0.465325 0.596132 0.465040 0.597094 0.462757 0.603830 0.462757 0.604022 0.463898 0.604600 0.463898 0.604792 0.465040 0.605370 0.465040 0.605562 0.466182 0.607102 0.467608 0.607102 0.536958 0.607871 0.537243 0.607871 0.540382 0.608641 0.540668 0.608641 0.542666 0.609988 0.542666 0.610181 0.543807 0.611528 0.543807 0.611721 0.544949 0.623845 0.544949 0.623845 0.459618 0.622306 0.458191 0.622306 0.456193 0.621536 0.455908 0.621536 0.453910 0.620766 0.453624 0.620766 0.450485 0.619996 0.450200 0.619996 0.447060 0.619419 0.447060 0.619226 0.445919 0.617109 0.445919 0.616917 0.444777 0.614800 0.444777 0.614607 0.443636 0.613260 0.443636 0.613068 0.442494 0.610951 0.442494 0.610758 0.441353 0.592475 0.441353 0.592283 0.442494 0.590165 0.442494 0.589973 0.443636 0.587856 0.443636 0.587664 0.444777
0 0.422344 0.436787 0.422344 0.458191 0.438318 0.458191 0.438318 0.436787
0 0.349211 0.415097 0.349018 0.416239 0.347671 0.416239 0.347479 0.417380 0.346132 0.417380 0.346132 0.418236 0.345362 0.418522 0.345362 0.419378 0.344592 0.419663 0.343630 0.421946 0.342283 0.421946 0.342283 0.423944 0.340743 0.425371 0.340743 0.427369 0.339973 0.427654 0.339973 0.429652 0.339203 0.429937 0.339203 0.431935 0.338433 0.432220 0.338433 0.534675 0.339203 0.534960 0.339203 0.538099 0.339973 0.538385 0.339973 0.540382 0.340550 0.540382 0.340743 0.541524 0.342283 0.542951 0.342283 0.543807 0.343630 0.543807 0.343822 0.544949 0.345939 0.544949 0.346132 0.546090 0.356717 0.546090 0.356717 0.499572 0.357487 0.499287 0.357487 0.496147 0.359796 0.495862 0.359988 0.494720 0.361336 0.494720 0.361528 0.493579 0.363645 0.493579 0.363838 0.492437 0.365955 0.492437 0.366147 0.491296 0.367494 0.491296 0.367687 0.490154 0.369804 0.490154 0.369996 0.539241 0.370766 0.539526 0.370766 0.541524 0.371343 0.541524 0.371536 0.542666 0.373075 0.544092 0.373075 0.544949 0.374423 0.544949 0.374615 0.546090 0.384430 0.546090 0.384430 0.431079 0.383660 0.430793 0.383660 0.427654 0.382891 0.427369 0.382891 0.425371 0.382313 0.425371 0.382121 0.424229 0.381543 0.424229 0.381351 0.423088 0.380774 0.423088 0.380581 0.421946 0.380004 0.421946 0.379811 0.420805 0.379234 0.420805 0.379042 0.419663 0.377502 0.418236 0.377502 0.417380 0.376155 0.417380 0.375962 0.416239 0.374615 0.416239 0.374423 0.415097 0.373075 0.415097 0.372883 0.413955 0.369226 0.413955 0.369034 0.412814 0.356139 0.412814 0.355947 0.413955 0.351520 0.413955 0.351328 0.415097
0 0.670804 0.411672 0.661759 0.411672 0.661567 0.412814 0.659450 0.412814 0.659450 0.413670 0.658680 0.413955 0.658487 0.415097 0.657910 0.415097 0.657910 0.417095 0.657140 0.417380 0.657140 0.443350 0.652521 0.443636 0.652329 0.444777 0.648672 0.444777 0.648480 0.445919 0.644823 0.445919 0.644630 0.447060 0.643283 0.447060 0.643091 0.448202 0.641744 0.448202 0.641744 0.449058 0.640974 0.449344 0.640781 0.451627 0.639434 0.451627 0.639242 0.452768 0.637895 0.452768 0.637895 0.453624 0.637125 0.453910 0.637125 0.454766 0.636355 0.455051 0.636355 0.455908 0.635585 0.456193 0.635585 0.457049 0.634815 0.457334 0.634623 0.458476 0.634045 0.458476 0.634045 0.460474 0.632506 0.460759 0.632506 0.461615 0.631736 0.461901 0.631736 0.463898 0.630966 0.464184 0.630966 0.466182 0.630196 0.466467 0.630196 0.471889 0.629426 0.472175 0.629426 0.527825 0.630196 0.528111 0.630196 0.531250 0.630966 0.531535 0.630966 0.533533 0.632313 0.533533 0.632506 0.534675 0.633276 0.534960 0.633276 0.536958 0.633853 0.536958 0.634045 0.538099 0.635393 0.538099 0.635585 0.539241 0.636162 0.539241 0.636355 0.540382 0.637125 0.540668 0.637125 0.541524 0.638472 0.541524 0.638664 0.542666 0.640012 0.542666 0.640204 0.543807 0.641551 0.543807 0.641744 0.544949 0.664646 0.544949 0.664838 0.543807 0.666185 0.543807 0.666378 0.542666 0.667725 0.542666 0.667918 0.541524 0.669265 0.541524 0.669265 0.540668 0.670035 0.540382 0.670035 0.538385 0.671574 0.538099 0.671574 0.537243 0.672344 0.536958 0.672344 0.534960 0.673114 0.534675 0.673114 0.532677 0.673884 0.532392 0.674076 0.531250 0.674654 0.531250 0.674654 0.528111 0.675423 0.527825 0.675423 0.416239 0.674846 0.416239 0.674654 0.415097 0.673884 0.414812 0.673884 0.413955 0.672537 0.413955 0.672344 0.412814 0.670997 0.412814
0 0.319765 0.413955 0.315339 0.413955 0.299750 0.407106 0.269919 0.405965 0.248364 0.412814 0.233737 0.423088 0.233737 0.490154 0.235277 0.501570 0.241436 0.522118 0.243553 0.523259 0.259911 0.548659 0.256832 0.555223 0.275885 0.557506 0.275885 0.552083 0.274346 0.550656 0.272036 0.531535 0.269919 0.531535 0.266647 0.537243 0.263761 0.534960 0.263568 0.532677 0.254330 0.519834 0.247402 0.504994 0.244323 0.489013 0.244323 0.435645 0.250674 0.429652 0.268380 0.422803 0.296671 0.423944 0.311297 0.430793 0.311490 0.433076 0.314376 0.433076 0.316109 0.435645 0.316109 0.486729 0.313029 0.503853 0.305139 0.521261 0.302059 0.517551 0.298980 0.508704 0.296671 0.507277 0.294361 0.499572 0.291282 0.495862 0.291282 0.492723 0.288972 0.491296 0.286663 0.485588 0.288202 0.482449 0.277425 0.462757 0.277617 0.460474 0.279157 0.460759 0.280697 0.467323 0.285316 0.473316 0.288395 0.481022 0.290512 0.481022 0.298980 0.471889 0.299750 0.467608 0.292052 0.458191 0.287433 0.445919 0.277617 0.453910 0.277425 0.460759 0.275115 0.458476 0.271459 0.458476 0.263761 0.467608 0.263761 0.470748 0.266840 0.474458 0.267610 0.478739 0.272229 0.483590 0.275308 0.492437 0.277617 0.492723 0.286085 0.512985 0.290704 0.518978 0.297633 0.535816 0.303599 0.544949 0.319765 0.520976 0.322075 0.512129 0.324384 0.509561 0.325154 0.499572 0.326694 0.498145 0.327463 0.423088 0.325154 0.418522 0.320727 0.417380
0 0.549942 0.392266 0.547825 0.392266 0.547633 0.393408 0.545516 0.393408 0.545323 0.394549 0.543206 0.394549 0.543014 0.395691 0.540127 0.395691 0.539935 0.396832 0.538587 0.396832 0.538395 0.397974 0.536278 0.397974 0.536085 0.399115 0.533199 0.399115 0.533006 0.400257 0.530889 0.400257 0.530697 0.401398 0.529350 0.401398 0.529157 0.402540 0.527810 0.402540 0.527617 0.403682 0.525500 0.403682 0.525308 0.404823 0.522421 0.404823 0.522229 0.405965 0.520881 0.405965 0.520689 0.407106 0.518572 0.407106 0.518380 0.408248 0.516263 0.408248 0.516070 0.409389 0.513953 0.409389 0.513761 0.410531 0.510874 0.410531 0.509911 0.412814 0.508564 0.412814 0.508372 0.413955 0.506255 0.413955 0.506062 0.415097 0.504715 0.415097 0.504523 0.416239 0.500096 0.417380 0.499904 0.418522 0.498557 0.418522 0.498364 0.419663 0.495477 0.419663 0.495285 0.420805 0.493938 0.420805 0.493745 0.421946 0.491628 0.421946 0.491436 0.423088 0.490089 0.423088 0.489896 0.424229 0.488549 0.424229 0.488356 0.425371 0.487009 0.425371 0.486817 0.426513 0.482390 0.427654 0.482198 0.428796 0.480851 0.428796 0.480851 0.429652 0.480081 0.429937 0.480081 0.450200 0.482968 0.450200 0.483160 0.449058 0.485277 0.449058 0.485470 0.447917 0.486817 0.447917 0.487009 0.446775 0.488356 0.446775 0.488549 0.445634 0.490666 0.445634 0.490858 0.444492 0.492206 0.444492 0.492398 0.443350 0.493745 0.443350 0.493938 0.442209 0.495285 0.442209 0.495477 0.441067 0.497594 0.441067 0.497787 0.439926 0.499134 0.439926 0.499326 0.438784 0.501443 0.438784 0.501636 0.437643 0.502983 0.437643 0.503175 0.436501 0.505293 0.436501 0.505485 0.437643 0.506062 0.437643 0.506062 0.436787 0.505293 0.436501 0.505485 0.435360 0.507794 0.435645 0.507794 0.539241 0.508564 0.539526 0.508564 0.541524 0.509142 0.541524 0.510874 0.544949 0.522229 0.544949 0.522229 0.429937 0.522998 0.429652 0.523961 0.427369 0.526078 0.427369 0.526270 0.426227 0.527617 0.426227 0.527810 0.425086 0.529927 0.425086 0.530119 0.423944 0.531466 0.423944 0.531659 0.422803 0.533006 0.422803 0.533199 0.421661 0.537625 0.420519 0.537818 0.419378 0.539165 0.419378 0.539357 0.418236 0.540704 0.418236 0.540897 0.417095 0.543014 0.417095 0.543206 0.415953 0.545323 0.415953 0.545516 0.414812 0.547633 0.414812 0.547825 0.413670 0.550712 0.412529 0.550712 0.407106 0.549942 0.406821 0.549942 0.403682 0.550712 0.403396 0.550712 0.401398 0.549942 0.401113
