0 0.609561 0.600344 0.609561 0.601491 0.609290 0.601873 0.608478 0.601873 0.608478 0.612194 0.616874 0.612194 0.616874 0.611047 0.617145 0.610665 0.617958 0.610665 0.617958 0.601873 0.617145 0.601873 0.616874 0.601491 0.616874 0.600344
0 0.328954 0.546827 0.328954 0.609136 0.329767 0.609136 0.330038 0.609518 0.330038 0.610665 0.330850 0.610665 0.331121 0.611047 0.331121 0.612194 0.331934 0.612194 0.332205 0.612576 0.332205 0.613723 0.346018 0.613723 0.346018 0.612576 0.345206 0.612576 0.344935 0.612194 0.344935 0.611047 0.344122 0.611047 0.343852 0.610665 0.343852 0.609518 0.343039 0.609518 0.342768 0.609136 0.342768 0.604931 0.341956 0.604931 0.341685 0.604549 0.341685 0.594228 0.341956 0.593846 0.342768 0.593846 0.342768 0.546827
0 0.325433 0.533066 0.308369 0.533066 0.308369 0.534213 0.308099 0.534595 0.306203 0.534595 0.306203 0.535742 0.305932 0.536124 0.304036 0.536124 0.304036 0.537271 0.303765 0.537653 0.302952 0.537653 0.302952 0.540329 0.302681 0.540711 0.301869 0.540711 0.301869 0.543387 0.301598 0.543769 0.300785 0.543769 0.300785 0.609136 0.301598 0.609136 0.301869 0.609518 0.301869 0.610665 0.302681 0.610665 0.302952 0.611047 0.302952 0.612194 0.303765 0.612194 0.304036 0.612576 0.304036 0.613723 0.313516 0.613723 0.313516 0.554473 0.313787 0.554090 0.314599 0.554090 0.314599 0.552943 0.314870 0.552561 0.315683 0.552561 0.315683 0.551414 0.315953 0.551032 0.324350 0.551032 0.324350 0.549885 0.324621 0.549503 0.325433 0.549503
0 0.670233 0.533066 0.670233 0.534213 0.669150 0.534595 0.668879 0.536124 0.666983 0.536124 0.666983 0.537271 0.665899 0.537653 0.665899 0.540329 0.664816 0.540711 0.664545 0.542240 0.663732 0.542240 0.663732 0.544916 0.662649 0.545298 0.662649 0.598433 0.663732 0.598815 0.663732 0.601491 0.664816 0.601873 0.664816 0.604549 0.665628 0.604549 0.665899 0.606078 0.666983 0.606460 0.666983 0.607607 0.668879 0.607607 0.669150 0.609136 0.670233 0.609518 0.670233 0.610665 0.672129 0.610665 0.672400 0.612194 0.674296 0.612194 0.674567 0.613723 0.677546 0.613723 0.677817 0.615252 0.694881 0.615252 0.694881 0.600344 0.682151 0.600344 0.681880 0.598815 0.679984 0.598815 0.679713 0.597286 0.678900 0.597286 0.678629 0.595757 0.677817 0.595757 0.677546 0.594228 0.676463 0.593846 0.676463 0.591170 0.675379 0.590787 0.675379 0.581995 0.676463 0.581613 0.676733 0.580084 0.684047 0.580084 0.684317 0.578555 0.687297 0.578555 0.687568 0.577026 0.689464 0.577026 0.689464 0.575879 0.690547 0.575497 0.690547 0.574350 0.691631 0.573968 0.691631 0.572821 0.692714 0.572439 0.692714 0.571292 0.693797 0.570910 0.693797 0.569763 0.694881 0.569381 0.695152 0.567852 0.695964 0.567852 0.695964 0.565176 0.697048 0.564794 0.697048 0.559060 0.698131 0.558677 0.698131 0.540711 0.697048 0.540329 0.697048 0.537653 0.696235 0.537653 0.695964 0.536124 0.695152 0.536124 0.694881 0.534595 0.693797 0.534213 0.693797 0.533066 0.691901 0.533066 0.691631 0.531537 0.673483 0.531537 0.673212 0.533066
0 0.629063 0.533066 0.629063 0.534213 0.627979 0.534595 0.627709 0.536124 0.625813 0.536124 0.625813 0.537271 0.624729 0.537653 0.624458 0.539182 0.623646 0.539182 0.623646 0.541858 0.622562 0.542240 0.622562 0.544916 0.621479 0.545298 0.621479 0.551032 0.620395 0.551414 0.620395 0.604549 0.621479 0.604931 0.621479 0.609136 0.622291 0.609136 0.622562 0.610665 0.623375 0.610665 0.623646 0.612194 0.624729 0.612576 0.624729 0.613723 0.626625 0.613723 0.626896 0.615252 0.634209 0.615252 0.634209 0.554473 0.635293 0.554090 0.635293 0.551414 0.637459 0.551032 0.637730 0.549503 0.642877 0.549503 0.643147 0.551032 0.643960 0.551032 0.644231 0.552561 0.645314 0.552943 0.645314 0.609136 0.646398 0.609518 0.646398 0.612194 0.647210 0.612194 0.647481 0.613723 0.648564 0.614106 0.648564 0.615252 0.659128 0.615252 0.659128 0.614106 0.660211 0.613723 0.660211 0.612576 0.659128 0.612194 0.659128 0.545298 0.658044 0.544916 0.658044 0.542240 0.656961 0.541858 0.656961 0.539182 0.656148 0.539182 0.655878 0.537653 0.654794 0.537271 0.654794 0.536124 0.652898 0.536124 0.652627 0.534595 0.651544 0.534213 0.651544 0.533066 0.648564 0.533066 0.648294 0.531537 0.632313 0.531537 0.632042 0.533066
0 0.608207 0.531537 0.594393 0.531537 0.594393 0.532683 0.594122 0.533066 0.591143 0.533066 0.591143 0.534213 0.590872 0.534595 0.588976 0.534595 0.588976 0.535742 0.588705 0.536124 0.587893 0.536124 0.587893 0.537271 0.587622 0.537653 0.586809 0.537653 0.586809 0.538800 0.586538 0.539182 0.585726 0.539182 0.585726 0.541858 0.585455 0.542240 0.584642 0.542240 0.584642 0.609136 0.585455 0.609136 0.585726 0.609518 0.585726 0.610665 0.586538 0.610665 0.586809 0.611047 0.586809 0.612194 0.587622 0.612194 0.587893 0.612576 0.587893 0.613723 0.596289 0.613723 0.596289 0.612576 0.596560 0.612194 0.597373 0.612194 0.597373 0.554473 0.597644 0.554090 0.598456 0.554090 0.598456 0.552943 0.598727 0.552561 0.599540 0.552561 0.599540 0.551414 0.599810 0.551032 0.601706 0.551032 0.601706 0.549885 0.601977 0.549503 0.609290 0.549503 0.609290 0.533066 0.608478 0.533066 0.608207 0.532683
0 0.552140 0.531537 0.551869 0.533066 0.549973 0.533066 0.549973 0.534213 0.548890 0.534595 0.548890 0.535742 0.547806 0.536124 0.547806 0.537271 0.546723 0.537653 0.546452 0.539182 0.545639 0.539182 0.545639 0.541858 0.544556 0.542240 0.544556 0.544916 0.543472 0.545298 0.543472 0.598433 0.544556 0.598815 0.544556 0.601491 0.545368 0.601491 0.545639 0.603020 0.546452 0.603020 0.546723 0.604549 0.547535 0.604549 0.547806 0.606078 0.548619 0.606078 0.548890 0.607607 0.549973 0.607989 0.549973 0.609136 0.551869 0.609136 0.552140 0.610665 0.553223 0.611047 0.553223 0.612194 0.556203 0.612194 0.556473 0.613723 0.575704 0.613723 0.575704 0.598815 0.561891 0.598815 0.561620 0.597286 0.559724 0.597286 0.559453 0.595757 0.558640 0.595757 0.558369 0.594228 0.557286 0.593846 0.557286 0.591170 0.556203 0.590787 0.556203 0.580466 0.556473 0.580084 0.562703 0.580084 0.562974 0.578555 0.567037 0.578555 0.567308 0.577026 0.569204 0.577026 0.569204 0.575879 0.570287 0.575497 0.570558 0.573968 0.572454 0.573968 0.572454 0.572821 0.573537 0.572439 0.573537 0.571292 0.574621 0.570910 0.574892 0.569381 0.575704 0.569381 0.575704 0.566705 0.576788 0.566323 0.576788 0.563647 0.577871 0.563265 0.577871 0.557531 0.578955 0.557148 0.578955 0.540711 0.577871 0.540329 0.577871 0.536124 0.577058 0.536124 0.576788 0.534595 0.575704 0.534213 0.575704 0.533066 0.573808 0.533066 0.573537 0.531537
0 0.426463 0.531537 0.426192 0.533066 0.424296 0.533066 0.424296 0.534213 0.423212 0.534595 0.423212 0.535742 0.422129 0.536124 0.422129 0.537271 0.421046 0.537653 0.420775 0.539182 0.419962 0.539182 0.419962 0.541858 0.418879 0.542240 0.418879 0.544916 0.417795 0.545298 0.417795 0.596904 0.418879 0.597286 0.418879 0.599962 0.419962 0.600344 0.419962 0.603020 0.420775 0.603020 0.421046 0.604549 0.421858 0.604549 0.422129 0.606078 0.422942 0.606078 0.423212 0.607607 0.424296 0.607989 0.424296 0.609136 0.426192 0.609136 0.426463 0.610665 0.428359 0.610665 0.428629 0.612194 0.430525 0.612194 0.430796 0.613723 0.451111 0.613723 0.451111 0.600344 0.450298 0.600344 0.450027 0.598815 0.436213 0.598815 0.435943 0.597286 0.434047 0.597286 0.433776 0.595757 0.432963 0.595757 0.432692 0.594228 0.431609 0.593846 0.431609 0.589641 0.430525 0.589258 0.430525 0.580466 0.430796 0.580084 0.438109 0.580084 0.438380 0.578555 0.441360 0.578555 0.441631 0.577026 0.443527 0.577026 0.443797 0.575497 0.445693 0.575497 0.445693 0.574350 0.446777 0.573968 0.446777 0.572821 0.447860 0.572439 0.447860 0.571292 0.448944 0.570910 0.448944 0.569763 0.450027 0.569381 0.450298 0.567852 0.451111 0.567852 0.451111 0.565176 0.452194 0.564794 0.452194 0.560589 0.453277 0.560206 0.453277 0.539182 0.452194 0.538800 0.452194 0.536124 0.451381 0.536124 0.451111 0.534595 0.450298 0.534595 0.450027 0.533066 0.448944 0.532683 0.448944 0.531537
0 0.465466 0.531537 0.465466 0.532683 0.464382 0.533066 0.464112 0.534595 0.462216 0.534595 0.462216 0.535742 0.461132 0.536124 0.460861 0.537653 0.460049 0.537653 0.460049 0.540329 0.458965 0.540711 0.458965 0.543387 0.457882 0.543769 0.457882 0.547974 0.456798 0.548356 0.456798 0.604549 0.457882 0.604931 0.457882 0.607607 0.458694 0.607607 0.458965 0.609136 0.459778 0.609136 0.460049 0.610665 0.460861 0.610665 0.461132 0.612194 0.462216 0.612576 0.462216 0.613723 0.470612 0.613723 0.470612 0.552943 0.471696 0.552561 0.471696 0.549885 0.472779 0.549503 0.473050 0.547974 0.479280 0.547974 0.479550 0.549503 0.480363 0.549503 0.480634 0.551032 0.481717 0.551414 0.481717 0.609136 0.482530 0.609136 0.482801 0.610665 0.483613 0.610665 0.483884 0.612194 0.484967 0.612576 0.484967 0.613723 0.495531 0.613723 0.495531 0.543769 0.494447 0.543387 0.494447 0.540711 0.493635 0.540711 0.493364 0.539182 0.492281 0.538800 0.492281 0.536124 0.491468 0.536124 0.491197 0.534595 0.489301 0.534595 0.489030 0.533066 0.487134 0.533066 0.486863 0.531537 0.483884 0.531537 0.483613 0.530008 0.468716 0.530008 0.468445 0.531537
0 0.328954 0.526950 0.328954 0.529625 0.328684 0.530008 0.327871 0.530008 0.327871 0.540329 0.328684 0.540329 0.328954 0.540711 0.328954 0.543387 0.329767 0.543387 0.330038 0.543769 0.330038 0.544916 0.340601 0.544916 0.340601 0.543769 0.340872 0.543387 0.341685 0.543387 0.341685 0.533066 0.341956 0.532683 0.342768 0.532683 0.342768 0.530008 0.343039 0.529625 0.343852 0.529625 0.343852 0.526950
0 0.266116 0.510130 0.266116 0.511277 0.265033 0.511659 0.265033 0.512806 0.263949 0.513188 0.263949 0.514335 0.262866 0.514717 0.262595 0.516246 0.261782 0.516246 0.261782 0.518922 0.260699 0.519304 0.260699 0.521980 0.259615 0.522362 0.259615 0.607607 0.260428 0.607607 0.260699 0.609136 0.261511 0.609136 0.261782 0.610665 0.262595 0.610665 0.262866 0.612194 0.263949 0.612576 0.263949 0.613723 0.274512 0.613723 0.274512 0.575879 0.275596 0.575497 0.275867 0.573968 0.278846 0.573968 0.279117 0.572439 0.282096 0.572439 0.282367 0.570910 0.285347 0.570910 0.285618 0.609136 0.286701 0.609518 0.286701 0.612194 0.287514 0.612194 0.287784 0.613723 0.298348 0.613723 0.298348 0.525420 0.297264 0.525038 0.297264 0.520833 0.296181 0.520451 0.296181 0.517775 0.295368 0.517775 0.295098 0.516246 0.294285 0.516246 0.294014 0.514717 0.293202 0.514717 0.292931 0.513188 0.292118 0.513188 0.291847 0.511659 0.290764 0.511277 0.290764 0.510130 0.288868 0.510130 0.288597 0.508601 0.269366 0.508601 0.269095 0.510130
0 0.533451 0.504014 0.522887 0.504014 0.522887 0.531154 0.522616 0.531537 0.520720 0.531537 0.520450 0.533066 0.516387 0.533066 0.516116 0.534595 0.513137 0.534595 0.512866 0.536124 0.510970 0.536124 0.510699 0.537653 0.508803 0.537653 0.508803 0.538800 0.507719 0.539182 0.507449 0.540711 0.505553 0.540711 0.505553 0.541858 0.504469 0.542240 0.504198 0.543769 0.503386 0.543769 0.503386 0.546445 0.502302 0.546827 0.502031 0.548356 0.501219 0.548356 0.501219 0.552561 0.500135 0.552943 0.500135 0.599962 0.501219 0.600344 0.501219 0.603020 0.502302 0.603402 0.502302 0.606078 0.503115 0.606078 0.503386 0.607607 0.504198 0.607607 0.504469 0.609136 0.505553 0.609518 0.505553 0.610665 0.507449 0.610665 0.507719 0.612194 0.509615 0.612194 0.509886 0.613723 0.528034 0.613723 0.528304 0.612194 0.530200 0.612194 0.530471 0.610665 0.532367 0.610665 0.532367 0.609518 0.533451 0.609136 0.533451 0.607989 0.534534 0.607607 0.534805 0.606078 0.535618 0.606078 0.535618 0.603402 0.536701 0.603020 0.536972 0.601491 0.537784 0.601491 0.537784 0.595757 0.538868 0.595375 0.538868 0.513188 0.537784 0.512806 0.537784 0.510130 0.536701 0.509748 0.536701 0.507072 0.535888 0.507072 0.535618 0.505543 0.533722 0.505543
0 0.756636 0.493310 0.752573 0.493310 0.752302 0.494839 0.750406 0.494839 0.750135 0.496368 0.747156 0.496368 0.746885 0.497898 0.743906 0.497898 0.743635 0.499427 0.740655 0.499427 0.740385 0.500956 0.738489 0.500956 0.738218 0.502485 0.735238 0.502485 0.734967 0.504014 0.731988 0.504014 0.731717 0.505543 0.729821 0.505543 0.729550 0.507072 0.726571 0.507072 0.726300 0.508601 0.723321 0.508601 0.723050 0.510130 0.721154 0.510130 0.720883 0.511659 0.717904 0.511659 0.717633 0.513188 0.714653 0.513188 0.714382 0.514717 0.711403 0.514717 0.711132 0.516246 0.709236 0.516246 0.708965 0.517775 0.705986 0.517775 0.705715 0.519304 0.702736 0.519304 0.702465 0.520833 0.700569 0.520833 0.700298 0.522362 0.698402 0.522362 0.698402 0.538800 0.699215 0.538800 0.699485 0.540329 0.701381 0.540329 0.701652 0.538800 0.703548 0.538800 0.703819 0.537271 0.706798 0.537271 0.707069 0.535742 0.710049 0.535742 0.710320 0.534213 0.713299 0.534213 0.713570 0.532683 0.715466 0.532683 0.715737 0.531154 0.718716 0.531154 0.718987 0.529625 0.721154 0.530008 0.721154 0.609136 0.722237 0.609518 0.722237 0.612194 0.723050 0.612194 0.723321 0.613723 0.725217 0.613723 0.725488 0.615252 0.733884 0.615252 0.733884 0.522362 0.736051 0.521980 0.736322 0.520451 0.739301 0.520451 0.739572 0.518922 0.742551 0.518922 0.742822 0.517393 0.744718 0.517393 0.744989 0.515864 0.747969 0.515864 0.748239 0.514335 0.751219 0.514335 0.751490 0.512806 0.753386 0.512806 0.753657 0.511277 0.755553 0.511277 0.755553 0.510130 0.756636 0.509748
0 0.434859 0.493310 0.434047 0.493310 0.433776 0.491781 0.430796 0.491781 0.430525 0.493310 0.424296 0.494839 0.424025 0.496368 0.422129 0.496368 0.421858 0.497898 0.418879 0.497898 0.418608 0.499427 0.412378 0.500956 0.412107 0.502485 0.410211 0.502485 0.409940 0.504014 0.403711 0.505543 0.403440 0.507072 0.401544 0.507072 0.401273 0.508601 0.395043 0.510130 0.394772 0.511659 0.392876 0.511659 0.392606 0.513188 0.389626 0.513188 0.389355 0.514717 0.383126 0.516246 0.382855 0.517775 0.380959 0.517775 0.380688 0.519304 0.377709 0.519304 0.377709 0.520451 0.375542 0.522362 0.375271 0.537653 0.374458 0.537653 0.374187 0.536124 0.372291 0.536124 0.372021 0.534595 0.370125 0.534595 0.369854 0.533066 0.367958 0.533066 0.367687 0.531537 0.350623 0.531537 0.350623 0.544916 0.351436 0.544916 0.351706 0.546445 0.362270 0.546445 0.362541 0.547974 0.364437 0.547974 0.364707 0.549503 0.366874 0.551414 0.366874 0.555619 0.367958 0.556002 0.367958 0.564794 0.362541 0.565176 0.362270 0.566705 0.357124 0.566705 0.356853 0.568234 0.354957 0.568234 0.353602 0.571292 0.351706 0.571292 0.351706 0.572439 0.348456 0.575879 0.348456 0.578555 0.347373 0.578937 0.347373 0.581613 0.346289 0.581995 0.346289 0.586200 0.345206 0.586583 0.345206 0.606078 0.346289 0.606460 0.346289 0.609136 0.347102 0.609136 0.348456 0.612194 0.350352 0.612194 0.350623 0.613723 0.372021 0.613723 0.372291 0.612194 0.374187 0.612194 0.374458 0.613723 0.379605 0.613723 0.379605 0.612576 0.380688 0.612194 0.380688 0.548356 0.379605 0.547974 0.378521 0.542240 0.377709 0.542240 0.376354 0.539182 0.378521 0.538800 0.378792 0.537271 0.381771 0.537271 0.382042 0.535742 0.385022 0.535742 0.385293 0.534213 0.387189 0.534213 0.387459 0.532683 0.390439 0.532683 0.390710 0.531154 0.393689 0.531154 0.393960 0.529625 0.395856 0.529625 0.396127 0.528096 0.399106 0.528096 0.399377 0.609136 0.400190 0.609136 0.402627 0.613723 0.411024 0.613723 0.411024 0.612576 0.412107 0.612194 0.412107 0.520833 0.414274 0.520451 0.414545 0.518922 0.416441 0.518922 0.416712 0.517393 0.419691 0.517393 0.419962 0.515864 0.422942 0.515864 0.423212 0.514335 0.425108 0.514335 0.425379 0.512806 0.428359 0.512806 0.428629 0.511277 0.431609 0.511277 0.431880 0.509748 0.433776 0.509748 0.433776 0.508601 0.434859 0.508219
0 0.240926 0.478020 0.207340 0.461200 0.193256 0.458142 0.156690 0.458142 0.133938 0.464258 0.107936 0.479549 0.107936 0.573968 0.110103 0.590787 0.115520 0.609136 0.123104 0.624427 0.144772 0.653861 0.141522 0.664182 0.169420 0.667240 0.162920 0.629396 0.154523 0.637041 0.138001 0.613723 0.127167 0.590787 0.123917 0.572439 0.123917 0.497898 0.141522 0.486812 0.166441 0.480696 0.199756 0.483754 0.218174 0.491399 0.226029 0.497898 0.226029 0.573968 0.219529 0.599962 0.210590 0.615635 0.207340 0.613723 0.184588 0.567852 0.183776 0.558677 0.187839 0.563265 0.201923 0.549503 0.200840 0.543769 0.184588 0.511659 0.171858 0.522362 0.169420 0.530008 0.164274 0.528479 0.152356 0.540711 0.152086 0.546827 0.145856 0.546827 0.135022 0.559060 0.151273 0.595375 0.154252 0.595375 0.164003 0.586200 0.167524 0.578555 0.171587 0.580084 0.208424 0.650420 0.226842 0.624427 0.238759 0.596904 0.242010 0.577026 0.243093 0.481078
