0 0.989961 0.647613 0.989961 0.648869 0.989567 0.649288 0.988386 0.649288 0.988386 0.652219 0.989567 0.652219 0.989961 0.652638 0.989961 0.653894 0.992717 0.653894 0.992717 0.652638 0.993110 0.652219 0.994291 0.652219 0.994291 0.649288 0.993110 0.649288 0.992717 0.648869 0.992717 0.647613
0 0.966339 0.647613 0.966339 0.648869 0.965945 0.649288 0.964764 0.649288 0.964764 0.652219 0.965945 0.652219 0.966339 0.652638 0.966339 0.653894 0.969095 0.653894 0.969095 0.652638 0.969488 0.652219 0.970669 0.652219 0.970669 0.649288 0.969488 0.649288 0.969095 0.648869 0.969095 0.647613
0 0.956890 0.647613 0.956890 0.648869 0.956496 0.649288 0.955315 0.649288 0.955315 0.652219 0.956496 0.652219 0.956890 0.652638 0.956890 0.653894 0.959646 0.653894 0.959646 0.652638 0.960039 0.652219 0.961220 0.652219 0.961220 0.649288 0.960039 0.649288 0.959646 0.648869 0.959646 0.647613
0 0.290748 0.647613 0.290748 0.648869 0.290354 0.649288 0.289173 0.649288 0.289173 0.650544 0.288780 0.650963 0.287598 0.650963 0.287598 0.652219 0.288780 0.652219 0.289173 0.652638 0.289173 0.653894 0.290354 0.653894 0.290748 0.654313 0.290748 0.655569 0.295079 0.655569 0.295079 0.654313 0.295472 0.653894 0.296654 0.653894 0.296654 0.652638 0.297047 0.652219 0.298228 0.652219 0.298228 0.650963 0.297047 0.650963 0.296654 0.650544 0.296654 0.649288 0.295472 0.649288 0.295079 0.648869 0.295079 0.647613
0 0.276575 0.647613 0.276575 0.648869 0.276181 0.649288 0.275000 0.649288 0.275000 0.650544 0.274606 0.650963 0.273425 0.650963 0.273425 0.652219 0.274606 0.652219 0.275000 0.652638 0.275000 0.653894 0.276181 0.653894 0.276575 0.654313 0.276575 0.655569 0.280906 0.655569 0.280906 0.654313 0.281299 0.653894 0.282480 0.653894 0.282480 0.652638 0.282874 0.652219 0.284055 0.652219 0.284055 0.650963 0.282874 0.650963 0.282480 0.650544 0.282480 0.649288 0.281299 0.649288 0.280906 0.648869 0.280906 0.647613
0 0.027362 0.617462 0.021457 0.617462 0.021457 0.642169 0.021063 0.642588 0.019882 0.642588 0.019882 0.643844 0.019488 0.644263 0.018307 0.644263 0.018307 0.645519 0.017913 0.645938 0.016732 0.645938 0.016732 0.647194 0.016339 0.647613 0.015157 0.647613 0.015157 0.648869 0.014764 0.649288 0.002559 0.649288 0.002559 0.650544 0.002165 0.650963 0.000984 0.650963 0.000984 0.653894 0.003740 0.653894 0.004134 0.654313 0.004134 0.655569 0.014764 0.655569 0.014764 0.654313 0.015157 0.653894 0.019488 0.653894 0.019488 0.652638 0.019882 0.652219 0.021063 0.652219 0.021063 0.650963 0.021457 0.650544 0.022638 0.650544 0.022638 0.649288 0.023031 0.648869 0.024213 0.648869 0.024213 0.647613 0.024606 0.647194 0.025787 0.647194 0.025787 0.642588 0.026181 0.642169 0.027362 0.642169
0 0.551772 0.617462 0.550591 0.617462 0.550197 0.615787 0.545866 0.615787 0.545866 0.617044 0.544291 0.617462 0.544291 0.628769 0.542717 0.629188 0.542323 0.630863 0.432480 0.630863 0.432480 0.632119 0.430906 0.632538 0.430906 0.635469 0.433661 0.635469 0.434055 0.637144 0.444685 0.637144 0.445079 0.638819 0.446654 0.639238 0.446654 0.645519 0.445079 0.645938 0.444685 0.647613 0.441929 0.647613 0.441535 0.649288 0.423032 0.649288 0.422638 0.645938 0.419882 0.645938 0.419488 0.644263 0.417913 0.643844 0.417913 0.624162 0.412008 0.624162 0.412008 0.645519 0.413189 0.645519 0.413583 0.647194 0.415157 0.647613 0.415157 0.650544 0.416339 0.650544 0.416732 0.652219 0.419488 0.652219 0.419882 0.653894 0.424213 0.653894 0.424606 0.655569 0.443110 0.655569 0.443504 0.653894 0.446260 0.653894 0.446654 0.652219 0.449409 0.652219 0.449409 0.650963 0.450984 0.650544 0.451378 0.648869 0.452559 0.648869 0.452559 0.642588 0.454134 0.642169 0.454528 0.637144 0.545472 0.637144 0.545472 0.635888 0.547047 0.635469 0.547441 0.633794 0.548622 0.633794 0.548622 0.630863 0.551772 0.630444
0 0.328150 0.615787 0.323819 0.615787 0.323819 0.617044 0.323425 0.617462 0.322244 0.617462 0.322244 0.642169 0.321850 0.642588 0.320669 0.642588 0.320669 0.643844 0.320276 0.644263 0.319094 0.644263 0.319094 0.647194 0.318701 0.647613 0.315945 0.647613 0.315945 0.648869 0.315551 0.649288 0.303346 0.649288 0.303346 0.650544 0.302953 0.650963 0.301772 0.650963 0.301772 0.653894 0.302953 0.653894 0.303346 0.654313 0.303346 0.655569 0.317126 0.655569 0.317126 0.654313 0.317520 0.653894 0.320276 0.653894 0.320276 0.652638 0.320669 0.652219 0.321850 0.652219 0.321850 0.650963 0.322244 0.650544 0.323425 0.650544 0.323425 0.649288 0.323819 0.648869 0.326575 0.648869 0.326575 0.645938 0.326968 0.645519 0.328150 0.645519 0.328150 0.644263 0.328543 0.643844 0.329724 0.643844 0.329724 0.617462 0.328543 0.617462 0.328150 0.617044
0 0.999016 0.630863 0.975787 0.630863 0.975394 0.629188 0.974213 0.629188 0.973819 0.627513 0.972244 0.627094 0.972244 0.614112 0.967913 0.614112 0.967913 0.627094 0.966339 0.627513 0.966339 0.628769 0.964764 0.629188 0.964370 0.630863 0.875000 0.630863 0.874606 0.629188 0.873031 0.628769 0.873031 0.617462 0.868701 0.617462 0.868701 0.640494 0.865551 0.640913 0.865551 0.645519 0.863976 0.645938 0.863583 0.647613 0.860827 0.647613 0.860433 0.649288 0.849803 0.649288 0.849803 0.653894 0.863583 0.653894 0.863976 0.652219 0.866732 0.652219 0.866732 0.650963 0.868307 0.650544 0.868307 0.649288 0.869882 0.648869 0.870276 0.647194 0.871457 0.647194 0.871457 0.644263 0.873031 0.643844 0.873031 0.640913 0.874606 0.640494 0.875000 0.637144 0.999016 0.637144
0 0.985236 0.607412 0.985236 0.612018 0.999016 0.612018 0.999016 0.607412
0 0.827756 0.605737 0.827756 0.606993 0.827362 0.607412 0.826181 0.607412 0.826181 0.610343 0.827362 0.610343 0.827756 0.610762 0.827756 0.612018 0.827362 0.612437 0.826181 0.612437 0.826181 0.613693 0.825787 0.614112 0.824606 0.614112 0.824606 0.615368 0.824213 0.615787 0.823031 0.615787 0.823031 0.617044 0.822638 0.617462 0.819882 0.617462 0.819882 0.618719 0.819488 0.619137 0.818307 0.619137 0.818307 0.622069 0.817913 0.622487 0.816732 0.622487 0.816732 0.633794 0.817913 0.633794 0.818307 0.634213 0.818307 0.635469 0.819488 0.635469 0.819882 0.635888 0.819882 0.637144 0.822638 0.637144 0.823031 0.637563 0.823031 0.638819 0.838386 0.638819 0.838386 0.637563 0.838780 0.637144 0.841535 0.637144 0.841535 0.635888 0.841929 0.635469 0.843110 0.635469 0.843110 0.632538 0.843504 0.632119 0.844685 0.632119 0.844685 0.622487 0.843504 0.622487 0.843110 0.622069 0.843110 0.619137 0.841929 0.619137 0.841535 0.618719 0.841535 0.615787 0.840354 0.615787 0.839961 0.615368 0.839961 0.614112 0.837205 0.614112 0.836811 0.613693 0.836811 0.612437 0.835630 0.612437 0.835236 0.612018 0.835236 0.610762 0.834055 0.610762 0.833661 0.610343 0.833661 0.609087 0.832480 0.609087 0.832087 0.608668 0.832087 0.607412 0.830905 0.607412 0.830512 0.606993 0.830512 0.605737
0 0.037205 0.637144 0.062008 0.637144 0.062008 0.635888 0.063583 0.635469 0.063976 0.633794 0.068307 0.633794 0.068701 0.635469 0.073031 0.635469 0.073425 0.637144 0.159646 0.637144 0.160039 0.635469 0.162795 0.635469 0.163189 0.637144 0.187992 0.637144 0.188386 0.635469 0.191142 0.635469 0.191142 0.634213 0.192717 0.633794 0.192717 0.617462 0.194291 0.617044 0.194291 0.615787 0.188386 0.615787 0.188386 0.628769 0.186811 0.629188 0.186417 0.630863 0.166339 0.630863 0.165945 0.629188 0.164370 0.628769 0.164370 0.617462 0.163189 0.617462 0.162795 0.615787 0.160039 0.615787 0.160039 0.617044 0.158465 0.617462 0.158465 0.628769 0.156890 0.629188 0.156496 0.630863 0.073425 0.630863 0.073031 0.629188 0.071850 0.629188 0.071457 0.627513 0.070276 0.627513 0.069882 0.625838 0.068701 0.625838 0.068307 0.624162 0.067126 0.624162 0.066732 0.622487 0.065551 0.622487 0.065157 0.620812 0.063976 0.620812 0.063583 0.619137 0.062008 0.618719 0.062008 0.615787 0.059252 0.615787 0.058858 0.614112 0.057283 0.613693 0.057283 0.610762 0.054134 0.610343 0.054134 0.607412 0.051378 0.607412 0.050984 0.605737 0.048228 0.605737 0.048228 0.606993 0.046654 0.607412 0.046654 0.610343 0.047835 0.610343 0.048228 0.612018 0.049409 0.612018 0.049803 0.613693 0.050984 0.613693 0.051378 0.615368 0.052559 0.615368 0.052953 0.617044 0.054134 0.617044 0.054528 0.618719 0.055709 0.618719 0.056102 0.620394 0.057283 0.620394 0.057677 0.622069 0.059252 0.622487 0.059252 0.625419 0.060827 0.625838 0.060827 0.630444 0.037205 0.630863
0 0.547441 0.599037 0.547441 0.600293 0.547047 0.600712 0.545866 0.600712 0.545866 0.601968 0.545472 0.602387 0.544291 0.602387 0.544291 0.605318 0.545472 0.605318 0.545866 0.605737 0.545866 0.606993 0.547047 0.606993 0.547441 0.607412 0.547441 0.608668 0.551772 0.608668 0.551772 0.607412 0.552165 0.606993 0.553346 0.606993 0.553346 0.605737 0.553740 0.605318 0.554921 0.605318 0.554921 0.602387 0.553740 0.602387 0.553346 0.601968 0.553346 0.600712 0.552165 0.600712 0.551772 0.600293 0.551772 0.599037
0 0.534842 0.599037 0.534842 0.600293 0.534449 0.600712 0.533268 0.600712 0.533268 0.601968 0.532874 0.602387 0.531693 0.602387 0.531693 0.605318 0.532874 0.605318 0.533268 0.605737 0.533268 0.606993 0.534449 0.606993 0.534842 0.607412 0.534842 0.608668 0.539173 0.608668 0.539173 0.607412 0.539567 0.606993 0.540748 0.606993 0.540748 0.605737 0.541142 0.605318 0.542323 0.605318 0.542323 0.602387 0.541142 0.602387 0.540748 0.601968 0.540748 0.600712 0.539567 0.600712 0.539173 0.600293 0.539173 0.599037
0 0.193110 0.599037 0.193110 0.600293 0.192717 0.600712 0.191535 0.600712 0.191535 0.601968 0.191142 0.602387 0.189961 0.602387 0.189961 0.605318 0.191142 0.605318 0.191535 0.605737 0.191535 0.606993 0.192717 0.606993 0.193110 0.607412 0.193110 0.608668 0.195866 0.608668 0.195866 0.607412 0.196260 0.606993 0.197441 0.606993 0.197441 0.605737 0.197835 0.605318 0.199016 0.605318 0.199016 0.602387 0.197835 0.602387 0.197441 0.601968 0.197441 0.600712 0.196260 0.600712 0.195866 0.600293 0.195866 0.599037
0 0.180512 0.599037 0.180512 0.600293 0.180118 0.600712 0.178937 0.600712 0.178937 0.601968 0.178543 0.602387 0.177362 0.602387 0.177362 0.605318 0.178543 0.605318 0.178937 0.605737 0.178937 0.606993 0.180118 0.606993 0.180512 0.607412 0.180512 0.608668 0.183268 0.608668 0.183268 0.607412 0.183661 0.606993 0.184843 0.606993 0.184843 0.605737 0.185236 0.605318 0.186417 0.605318 0.186417 0.602387 0.185236 0.602387 0.184843 0.601968 0.184843 0.600712 0.183661 0.600712 0.183268 0.600293 0.183268 0.599037
0 0.152165 0.599037 0.152165 0.600293 0.151772 0.600712 0.150591 0.600712 0.150591 0.601968 0.150197 0.602387 0.149016 0.602387 0.149016 0.605318 0.150197 0.605318 0.150591 0.605737 0.150591 0.606993 0.151772 0.606993 0.152165 0.607412 0.152165 0.608668 0.154921 0.608668 0.154921 0.607412 0.155315 0.606993 0.156496 0.606993 0.156496 0.605737 0.156890 0.605318 0.158071 0.605318 0.158071 0.602387 0.156890 0.602387 0.156496 0.601968 0.156496 0.600712 0.155315 0.600712 0.154921 0.600293 0.154921 0.599037
0 0.342717 0.595687 0.342717 0.637144 0.348622 0.637144 0.348622 0.595687
0 0.208858 0.595687 0.208858 0.628769 0.210039 0.628769 0.210433 0.629188 0.210433 0.632119 0.211614 0.632119 0.212008 0.632538 0.212008 0.635469 0.214764 0.635469 0.215157 0.635888 0.215157 0.637144 0.290354 0.637144 0.290354 0.635888 0.290748 0.635469 0.295079 0.635469 0.295079 0.634213 0.295472 0.633794 0.296654 0.633794 0.296654 0.630863 0.297047 0.630444 0.298228 0.630444 0.298228 0.617462 0.297047 0.617462 0.296654 0.617044 0.296654 0.615787 0.292323 0.615787 0.292323 0.617044 0.291929 0.617462 0.290748 0.617462 0.290748 0.628769 0.290354 0.629188 0.287598 0.629188 0.287598 0.630444 0.287205 0.630863 0.216732 0.630863 0.216339 0.630444 0.216339 0.629188 0.215157 0.629188 0.214764 0.628769 0.214764 0.594012 0.210433 0.594012 0.210433 0.595268 0.210039 0.595687
0 0.652953 0.592337 0.652953 0.632119 0.654528 0.632538 0.654528 0.635469 0.657283 0.635469 0.657677 0.637144 0.691929 0.637144 0.692323 0.635469 0.696654 0.635469 0.696654 0.634213 0.698228 0.633794 0.698622 0.632119 0.699803 0.632119 0.700197 0.633794 0.701772 0.634213 0.701772 0.635469 0.704528 0.635469 0.704921 0.637144 0.732874 0.637144 0.732874 0.635888 0.734449 0.635469 0.734843 0.633794 0.737598 0.633794 0.737992 0.632119 0.739173 0.632119 0.739567 0.633794 0.741142 0.634213 0.741142 0.635469 0.743898 0.635469 0.744291 0.637144 0.754921 0.637144 0.755315 0.635469 0.758071 0.635469 0.758071 0.634213 0.759646 0.633794 0.759646 0.629188 0.761220 0.628769 0.761220 0.617462 0.759646 0.617044 0.759646 0.614112 0.758071 0.613693 0.758071 0.610762 0.753740 0.610762 0.753346 0.609087 0.744291 0.609087 0.743898 0.610762 0.741142 0.610762 0.741142 0.612018 0.739567 0.612437 0.739173 0.614112 0.737992 0.614112 0.737992 0.618719 0.736417 0.619137 0.736417 0.625419 0.734843 0.625838 0.734843 0.627094 0.733268 0.627513 0.733268 0.628769 0.731693 0.629188 0.731299 0.630863 0.706496 0.630863 0.706102 0.629188 0.704528 0.628769 0.704528 0.627513 0.706102 0.627094 0.706102 0.625838 0.707677 0.625419 0.708071 0.623744 0.710827 0.623744 0.710827 0.620812 0.712402 0.620394 0.712402 0.617462 0.713976 0.617044 0.713976 0.614112 0.712795 0.614112 0.712402 0.612437 0.709646 0.612437 0.709252 0.610762 0.687598 0.610762 0.687598 0.612018 0.686024 0.612437 0.686024 0.615368 0.684449 0.615787 0.684449 0.618719 0.685630 0.618719 0.686024 0.620394 0.687205 0.620394 0.687598 0.622069 0.688780 0.622069 0.689173 0.623744 0.690354 0.623744 0.690748 0.625419 0.692323 0.625838 0.692323 0.628769 0.690748 0.629188 0.690354 0.630863 0.662402 0.630863 0.662008 0.629188 0.660433 0.628769 0.660433 0.592337 0.659252 0.592337 0.658858 0.590662 0.654528 0.590662 0.654528 0.591918
0 0.563189 0.590662 0.563189 0.632119 0.564370 0.632119 0.564764 0.633794 0.565945 0.633794 0.566339 0.635469 0.567913 0.635888 0.567913 0.637144 0.591142 0.637144 0.591535 0.635469 0.594291 0.635469 0.594685 0.637144 0.622638 0.637144 0.623031 0.635469 0.625787 0.635469 0.626181 0.637144 0.641535 0.637144 0.641535 0.635888 0.643110 0.635469 0.643504 0.633794 0.644685 0.633794 0.644685 0.630863 0.646260 0.630444 0.646260 0.619137 0.644685 0.618719 0.644685 0.614112 0.641929 0.614112 0.641535 0.610762 0.637205 0.610762 0.636811 0.609087 0.629331 0.609087 0.628937 0.610762 0.626181 0.610762 0.626181 0.613693 0.624606 0.614112 0.624606 0.617044 0.623031 0.617462 0.623031 0.622069 0.621457 0.622487 0.621457 0.628769 0.619882 0.629188 0.619488 0.630863 0.594685 0.630863 0.594291 0.629188 0.592717 0.628769 0.592717 0.590662 0.586811 0.590662 0.586811 0.628769 0.585236 0.629188 0.584843 0.630863 0.571063 0.630863 0.570669 0.629188 0.569094 0.628769 0.569094 0.590662
0 0.330118 0.595268 0.336024 0.595268 0.336024 0.592337 0.336417 0.591918 0.361220 0.591918 0.361220 0.587312 0.334843 0.587312 0.334843 0.588568 0.334449 0.588987 0.331693 0.588987 0.331693 0.590243 0.331299 0.590662 0.330118 0.590662
0 0.065551 0.454983 0.065551 0.456240 0.065157 0.456658 0.062402 0.456658 0.062402 0.457915 0.062008 0.458333 0.060827 0.458333 0.060827 0.459590 0.060433 0.460008 0.057677 0.460008 0.057677 0.461265 0.057283 0.461683 0.056102 0.461683 0.056102 0.462940 0.055709 0.463358 0.052953 0.463358 0.052953 0.464615 0.052559 0.465034 0.049803 0.465034 0.049803 0.467965 0.049409 0.468384 0.048228 0.468384 0.048228 0.472990 0.049409 0.472990 0.049803 0.473409 0.049803 0.476340 0.050984 0.476340 0.051378 0.476759 0.051378 0.479690 0.052559 0.479690 0.052953 0.480109 0.052953 0.481365 0.054134 0.481365 0.054528 0.481784 0.054528 0.484715 0.057283 0.484715 0.057677 0.485134 0.057677 0.488065 0.058858 0.488065 0.059252 0.488484 0.059252 0.491415 0.060433 0.491415 0.060827 0.491834 0.060827 0.494765 0.063583 0.494765 0.063976 0.495184 0.063976 0.498116 0.065157 0.498116 0.065551 0.498534 0.065551 0.499791 0.066732 0.499791 0.067126 0.500209 0.067126 0.501466 0.068307 0.501466 0.068701 0.501884 0.068701 0.504816 0.069882 0.504816 0.070276 0.505234 0.070276 0.508166 0.077756 0.508166 0.077756 0.505234 0.078150 0.504816 0.079331 0.504816 0.079331 0.501884 0.079724 0.501466 0.084055 0.501466 0.084055 0.498534 0.084449 0.498116 0.087205 0.498116 0.087205 0.496859 0.087598 0.496441 0.090354 0.496441 0.090354 0.493509 0.090748 0.493090 0.091929 0.493090 0.091929 0.491834 0.092323 0.491415 0.093504 0.491415 0.093504 0.490159 0.092323 0.490159 0.091929 0.489740 0.091929 0.488484 0.090748 0.488484 0.090354 0.488065 0.090354 0.485134 0.089173 0.485134 0.088780 0.484715 0.088780 0.483459 0.087598 0.483459 0.087205 0.483040 0.087205 0.481784 0.086024 0.481784 0.085630 0.481365 0.085630 0.478434 0.084449 0.478434 0.084055 0.478015 0.084055 0.476759 0.082874 0.476759 0.082480 0.476340 0.082480 0.475084 0.081299 0.475084 0.080906 0.474665 0.080906 0.473409 0.079724 0.473409 0.079331 0.472990 0.079331 0.471734 0.078150 0.471734 0.077756 0.471315 0.077756 0.470059 0.076575 0.470059 0.076181 0.469640 0.076181 0.466709 0.075000 0.466709 0.074606 0.466290 0.074606 0.463358 0.073425 0.463358 0.073031 0.462940 0.073031 0.461683 0.071850 0.461683 0.071457 0.461265 0.071457 0.460008 0.070276 0.460008 0.069882 0.459590 0.069882 0.458333 0.068701 0.458333 0.068307 0.457915 0.068307 0.454983
0 0.394685 0.443258 0.394685 0.555067 0.396260 0.555486 0.396260 0.558417 0.397441 0.558417 0.397835 0.560092 0.399016 0.560092 0.399409 0.561767 0.400984 0.562186 0.400984 0.563442 0.403740 0.563442 0.404134 0.565117 0.436811 0.565117 0.436811 0.563861 0.435630 0.563861 0.435236 0.562186 0.434055 0.562186 0.433661 0.560511 0.432480 0.560511 0.432087 0.558836 0.430906 0.558836 0.430512 0.557161 0.429331 0.557161 0.428937 0.555486 0.427362 0.555067 0.427362 0.443258
0 0.115945 0.419807 0.115945 0.421064 0.115551 0.421482 0.112795 0.421482 0.112795 0.422739 0.112402 0.423157 0.111220 0.423157 0.111220 0.424414 0.110827 0.424832 0.108071 0.424832 0.108071 0.426089 0.107677 0.426508 0.104921 0.426508 0.104921 0.429439 0.104528 0.429858 0.101772 0.429858 0.101772 0.431114 0.101378 0.431533 0.098622 0.431533 0.098622 0.432789 0.098228 0.433208 0.097047 0.433208 0.097047 0.437814 0.098228 0.437814 0.098622 0.438233 0.098622 0.441164 0.101378 0.441164 0.101772 0.441583 0.101772 0.446189 0.102953 0.446189 0.103346 0.446608 0.103346 0.447864 0.104528 0.447864 0.104921 0.448283 0.104921 0.451214 0.106102 0.451214 0.106496 0.451633 0.106496 0.452889 0.107677 0.452889 0.108071 0.453308 0.108071 0.454564 0.109252 0.454564 0.109646 0.454983 0.109646 0.456240 0.110827 0.456240 0.111220 0.456658 0.111220 0.457915 0.112402 0.457915 0.112795 0.458333 0.112795 0.459590 0.113976 0.459590 0.114370 0.460008 0.114370 0.462940 0.115551 0.462940 0.115945 0.463358 0.115945 0.466290 0.117126 0.466290 0.117520 0.466709 0.117520 0.467965 0.118701 0.467965 0.119094 0.468384 0.119094 0.469640 0.120276 0.469640 0.120669 0.470059 0.120669 0.471315 0.123425 0.471315 0.123425 0.470059 0.123819 0.469640 0.126575 0.469640 0.126575 0.468384 0.126969 0.467965 0.128150 0.467965 0.128150 0.466709 0.128543 0.466290 0.129724 0.466290 0.129724 0.465034 0.130118 0.464615 0.132874 0.464615 0.132874 0.463358 0.133268 0.462940 0.136024 0.462940 0.136024 0.461683 0.136417 0.461265 0.137598 0.461265 0.137598 0.460008 0.137992 0.459590 0.139173 0.459590 0.139173 0.458333 0.139567 0.457915 0.140748 0.457915 0.140748 0.454983 0.141142 0.454564 0.142323 0.454564 0.142323 0.451633 0.139567 0.451633 0.139173 0.451214 0.139173 0.448283 0.137992 0.448283 0.137598 0.447864 0.137598 0.446608 0.136417 0.446608 0.136024 0.446189 0.136024 0.444933 0.134843 0.444933 0.134449 0.444514 0.134449 0.443258 0.133268 0.443258 0.132874 0.442839 0.132874 0.439908 0.130118 0.439908 0.129724 0.439489 0.129724 0.438233 0.128543 0.438233 0.128150 0.437814 0.128150 0.434883 0.126969 0.434883 0.126575 0.434464 0.126575 0.431533 0.125394 0.431533 0.125000 0.431114 0.125000 0.429858 0.123819 0.429858 0.123425 0.429439 0.123425 0.426508 0.122244 0.426508 0.121850 0.426089 0.121850 0.424832 0.120669 0.424832 0.120276 0.424414 0.120276 0.423157 0.119094 0.423157 0.118701 0.422739 0.118701 0.421482 0.117520 0.421482 0.117126 0.421064 0.117126 0.419807
0 0.384843 0.418132 0.341142 0.418132 0.340748 0.419807 0.337992 0.419807 0.337992 0.421064 0.336417 0.421482 0.336417 0.422739 0.334843 0.423157 0.334843 0.424414 0.333268 0.424832 0.333268 0.426089 0.331693 0.426508 0.331693 0.427764 0.330118 0.428183 0.329724 0.429858 0.328543 0.429858 0.328543 0.432789 0.326968 0.433208 0.326968 0.558417 0.328543 0.558836 0.328543 0.561767 0.330118 0.562186 0.330118 0.565117 0.332874 0.565117 0.333268 0.566792 0.336024 0.566792 0.336417 0.568467 0.358071 0.568467 0.358071 0.451633 0.384843 0.451214
0 0.947441 0.414782 0.947441 0.416039 0.945866 0.416457 0.945472 0.418132 0.942717 0.418132 0.942323 0.419807 0.939567 0.419807 0.939567 0.421064 0.937992 0.421482 0.937992 0.422739 0.936417 0.423157 0.936417 0.424414 0.934843 0.424832 0.934449 0.426508 0.931693 0.426508 0.931693 0.427764 0.930118 0.428183 0.929724 0.429858 0.928543 0.429858 0.928543 0.432789 0.926969 0.433208 0.926575 0.434883 0.925394 0.434883 0.925394 0.486390 0.923819 0.486809 0.923819 0.489740 0.925394 0.490159 0.925394 0.536642 0.926969 0.537060 0.926969 0.539992 0.928150 0.539992 0.928543 0.541667 0.930118 0.542085 0.930118 0.545017 0.931299 0.545017 0.931693 0.546692 0.932874 0.546692 0.933268 0.548367 0.934449 0.548367 0.934843 0.550042 0.936024 0.550042 0.936417 0.551717 0.937598 0.551717 0.937992 0.553392 0.939567 0.553811 0.939567 0.555067 0.942323 0.555067 0.942717 0.556742 0.943898 0.556742 0.944291 0.558417 0.945472 0.558417 0.945866 0.560092 0.947047 0.560092 0.947441 0.561767 0.949016 0.562186 0.949016 0.563442 0.954921 0.563442 0.955315 0.565117 0.959646 0.565117 0.960039 0.566792 0.999016 0.566792 0.999016 0.540410 0.971063 0.540410 0.970669 0.538735 0.966339 0.538735 0.965945 0.537060 0.963189 0.537060 0.962795 0.535385 0.961614 0.535385 0.961220 0.533710 0.959646 0.533291 0.959646 0.530360 0.958071 0.529941 0.958071 0.527010 0.956496 0.526591 0.956496 0.521985 0.954921 0.521566 0.955315 0.501466 0.978543 0.501466 0.978543 0.500209 0.980118 0.499791 0.980512 0.498116 0.984843 0.498116 0.985236 0.496441 0.987992 0.496441 0.987992 0.495184 0.989567 0.494765 0.989961 0.493090 0.992717 0.493090 0.992717 0.491834 0.994291 0.491415 0.994291 0.490159 0.995866 0.489740 0.995866 0.488484 0.997441 0.488065 0.997835 0.486390 0.999016 0.486390 0.999016 0.416457 0.996260 0.416457 0.995866 0.414782
0 0.637205 0.414782 0.637205 0.416039 0.635630 0.416457 0.635236 0.418132 0.630906 0.418132 0.630906 0.419389 0.629331 0.419807 0.628937 0.421482 0.626181 0.421482 0.626181 0.422739 0.624606 0.423157 0.624606 0.424414 0.623031 0.424832 0.623031 0.426089 0.621457 0.426508 0.621063 0.428183 0.619882 0.428183 0.619882 0.431114 0.618307 0.431533 0.618307 0.434464 0.616732 0.434883 0.616732 0.437814 0.615157 0.438233 0.615157 0.534967 0.616732 0.535385 0.616732 0.543342 0.619488 0.543342 0.619882 0.545017 0.621063 0.545017 0.621457 0.546692 0.622638 0.546692 0.623031 0.548367 0.624213 0.548367 0.624606 0.550042 0.625787 0.550042 0.626181 0.551717 0.627362 0.551717 0.627756 0.553392 0.628937 0.553392 0.629331 0.555067 0.630906 0.555486 0.630906 0.556742 0.633661 0.556742 0.634055 0.558417 0.635236 0.558417 0.635630 0.560092 0.637205 0.560511 0.637205 0.561767 0.641535 0.561767 0.641929 0.563442 0.647835 0.563442 0.648228 0.565117 0.652559 0.565117 0.652953 0.566792 0.695079 0.566792 0.695079 0.540410 0.660827 0.540410 0.660433 0.538735 0.657677 0.538735 0.657283 0.537060 0.654528 0.537060 0.654134 0.535385 0.651378 0.535385 0.650984 0.533710 0.649409 0.533291 0.649409 0.530360 0.647835 0.529941 0.647835 0.527010 0.646260 0.526591 0.646260 0.503559 0.655709 0.503141 0.656102 0.501466 0.668307 0.501466 0.668701 0.499791 0.673032 0.499791 0.673425 0.498116 0.676181 0.498116 0.676575 0.496441 0.679331 0.496441 0.679331 0.495184 0.680906 0.494765 0.680906 0.493509 0.682480 0.493090 0.682874 0.491415 0.685630 0.491415 0.685630 0.490159 0.687205 0.489740 0.687205 0.488484 0.688780 0.488065 0.688780 0.486809 0.690354 0.486390 0.690354 0.485134 0.691929 0.484715 0.692323 0.483040 0.693504 0.483040 0.693504 0.480109 0.695079 0.479690 0.695472 0.478015 0.696654 0.478015 0.696654 0.475084 0.698228 0.474665 0.698228 0.471734 0.699803 0.471315 0.699803 0.441583 0.698228 0.441164 0.698228 0.429858 0.696654 0.429439 0.696654 0.426508 0.695079 0.426089 0.695079 0.423157 0.692323 0.423157 0.691929 0.421482 0.690748 0.421482 0.690354 0.419807 0.688780 0.419389 0.688780 0.418132 0.682874 0.418132 0.682480 0.416457 0.676575 0.416457 0.676181 0.414782
0 0.448228 0.414782 0.448228 0.441164 0.471457 0.441164 0.471850 0.442839 0.476181 0.442839 0.476575 0.444514 0.480906 0.444514 0.481299 0.446189 0.482480 0.446189 0.482874 0.447864 0.484055 0.447864 0.484449 0.449539 0.485630 0.449539 0.486024 0.451214 0.487205 0.451214 0.487598 0.452889 0.489173 0.453308 0.489173 0.456240 0.490748 0.456658 0.490748 0.478015 0.465551 0.478434 0.465157 0.480109 0.462402 0.480109 0.462402 0.481365 0.460827 0.481784 0.460433 0.483459 0.457677 0.483459 0.457283 0.485134 0.454528 0.485134 0.454528 0.486390 0.452953 0.486809 0.452953 0.488065 0.451378 0.488484 0.450984 0.490159 0.448228 0.490159 0.448228 0.491415 0.446654 0.491834 0.446260 0.493509 0.445079 0.493509 0.445079 0.496441 0.443504 0.496859 0.443504 0.499791 0.441929 0.500209 0.441929 0.503141 0.440354 0.503559 0.440354 0.506491 0.438780 0.506910 0.438780 0.509841 0.437205 0.510260 0.437205 0.513191 0.435630 0.513610 0.435630 0.516541 0.434055 0.516960 0.434055 0.550042 0.435630 0.550461 0.435630 0.553392 0.437205 0.553811 0.437205 0.556742 0.438386 0.556742 0.438780 0.558417 0.440354 0.558836 0.440354 0.560092 0.443110 0.560092 0.443504 0.561767 0.446260 0.561767 0.446654 0.563442 0.449409 0.563442 0.449803 0.565117 0.502953 0.565117 0.502953 0.563861 0.504528 0.563442 0.504921 0.561767 0.507677 0.561767 0.508071 0.565117 0.509252 0.565117 0.509646 0.566792 0.521850 0.566792 0.521850 0.443258 0.520276 0.442839 0.520276 0.439908 0.518701 0.439489 0.518701 0.436558 0.517520 0.436558 0.517126 0.434883 0.515945 0.434883 0.515551 0.433208 0.514370 0.433208 0.513976 0.431533 0.512795 0.431533 0.512402 0.429858 0.511220 0.429858 0.510827 0.428183 0.509252 0.427764 0.509252 0.426508 0.506496 0.426508 0.506102 0.424832 0.504528 0.424414 0.504528 0.423157 0.501772 0.423157 0.501378 0.421482 0.500197 0.421482 0.499803 0.419807 0.498228 0.419389 0.498228 0.418132 0.495472 0.418132 0.495079 0.416457 0.492323 0.416457 0.491929 0.414782
0 0.728543 0.418132 0.726575 0.421482 0.723819 0.421482 0.723819 0.422739 0.722244 0.423157 0.720276 0.426508 0.717520 0.426508 0.717520 0.427764 0.715945 0.428183 0.713976 0.431533 0.712795 0.431533 0.712795 0.434464 0.711220 0.434883 0.711220 0.441164 0.709646 0.441583 0.709646 0.550042 0.711220 0.550461 0.711220 0.553392 0.712402 0.553392 0.712795 0.555067 0.715551 0.555067 0.715945 0.558417 0.717126 0.558417 0.717520 0.560092 0.720276 0.560092 0.722244 0.563442 0.726575 0.563442 0.726969 0.565117 0.743898 0.565117 0.743898 0.454983 0.745472 0.454564 0.745472 0.451633 0.747047 0.451214 0.747047 0.448283 0.750197 0.447864 0.750591 0.444514 0.765945 0.444514 0.766339 0.447864 0.767520 0.447864 0.767913 0.449539 0.771063 0.451633 0.771063 0.553392 0.772638 0.553811 0.772638 0.556742 0.774213 0.557161 0.774213 0.560092 0.775394 0.560092 0.777362 0.563442 0.780118 0.563442 0.780512 0.565117 0.805315 0.565117 0.805315 0.439908 0.803740 0.439489 0.803740 0.436558 0.800591 0.434464 0.800591 0.429858 0.799016 0.429439 0.799016 0.423157 0.797835 0.423157 0.795866 0.419807 0.791535 0.419807 0.791142 0.418132 0.788386 0.418132 0.787992 0.416457 0.785236 0.416457 0.784842 0.414782 0.780512 0.414782 0.780118 0.413107 0.741142 0.413107 0.740748 0.414782 0.736417 0.414782 0.736024 0.416457 0.731693 0.416457 0.731299 0.418132
0 0.394685 0.406407 0.394685 0.437814 0.427362 0.437814 0.427362 0.406407
0 0.248228 0.372906 0.247835 0.374581 0.245079 0.374581 0.244685 0.376256 0.238780 0.377931 0.235236 0.382956 0.232480 0.382956 0.232480 0.384213 0.229331 0.386307 0.227756 0.392588 0.224606 0.394682 0.224606 0.399288 0.223031 0.399707 0.223031 0.550042 0.224606 0.550461 0.224606 0.555067 0.226181 0.555486 0.226181 0.558417 0.227362 0.558417 0.230906 0.563442 0.233661 0.563442 0.234055 0.565117 0.238386 0.565117 0.238780 0.566792 0.258858 0.566792 0.258858 0.565536 0.260433 0.565117 0.260433 0.563861 0.258858 0.563442 0.258858 0.560511 0.260433 0.560092 0.260433 0.495184 0.262008 0.494765 0.262402 0.493090 0.266732 0.493090 0.267126 0.491415 0.269882 0.491415 0.270276 0.489740 0.274606 0.489740 0.275000 0.488065 0.279331 0.488065 0.279724 0.486390 0.282480 0.486390 0.282874 0.484715 0.287205 0.484715 0.287598 0.556742 0.289173 0.557161 0.289173 0.560092 0.290354 0.560092 0.293898 0.565117 0.296654 0.565117 0.297047 0.566792 0.317126 0.566792 0.317126 0.510260 0.315551 0.509841 0.315551 0.485134 0.317126 0.484715 0.317126 0.466709 0.315551 0.466290 0.315551 0.465034 0.317126 0.464615 0.317126 0.460008 0.315551 0.459590 0.315551 0.458333 0.317126 0.457915 0.317126 0.454983 0.315551 0.454564 0.315551 0.444933 0.317126 0.444514 0.317126 0.399707 0.315551 0.399288 0.315551 0.394682 0.313976 0.394263 0.312402 0.387982 0.311220 0.387982 0.310827 0.386307 0.309646 0.386307 0.309252 0.384631 0.304528 0.380863 0.304528 0.379606 0.301772 0.379606 0.299803 0.376256 0.297047 0.376256 0.296654 0.374581 0.293898 0.374581 0.293504 0.372906 0.284449 0.372906 0.284055 0.371231 0.259252 0.371231 0.258858 0.372906
0 0.901378 0.369556 0.884449 0.369556 0.884055 0.371231 0.879724 0.371231 0.879724 0.372487 0.878150 0.372906 0.877756 0.374581 0.876575 0.374581 0.876575 0.377513 0.875000 0.377931 0.875000 0.411013 0.873425 0.411432 0.873031 0.416457 0.863976 0.416457 0.863583 0.418132 0.856102 0.418132 0.855709 0.419807 0.848228 0.419807 0.847835 0.421482 0.845079 0.421482 0.844685 0.423157 0.841929 0.423157 0.841929 0.426089 0.840354 0.426508 0.839961 0.428183 0.837205 0.428183 0.836811 0.429858 0.834055 0.429858 0.834055 0.431114 0.832480 0.431533 0.832480 0.432789 0.830905 0.433208 0.830905 0.434464 0.829331 0.434883 0.829331 0.436139 0.827756 0.436558 0.827362 0.438233 0.826181 0.438233 0.826181 0.441164 0.823031 0.441583 0.823031 0.442839 0.821457 0.443258 0.821457 0.446189 0.819882 0.446608 0.819882 0.449539 0.818307 0.449958 0.818307 0.457915 0.816732 0.458333 0.816732 0.539992 0.818307 0.540410 0.818307 0.545017 0.819882 0.545435 0.819882 0.548367 0.824213 0.548367 0.824606 0.551717 0.825787 0.551717 0.826181 0.553392 0.827362 0.553392 0.827756 0.555067 0.828937 0.555067 0.829331 0.556742 0.830512 0.556742 0.830905 0.558417 0.832480 0.558836 0.832480 0.560092 0.835236 0.560092 0.835630 0.561767 0.838386 0.561767 0.838780 0.563442 0.841535 0.563442 0.841929 0.565117 0.888780 0.565117 0.889173 0.563442 0.891929 0.563442 0.892323 0.561767 0.895079 0.561767 0.895472 0.560092 0.898228 0.560092 0.898228 0.558836 0.899803 0.558417 0.899803 0.555486 0.902953 0.555067 0.902953 0.553811 0.904528 0.553392 0.904528 0.550461 0.906102 0.550042 0.906496 0.548367 0.907677 0.548367 0.907677 0.545435 0.909252 0.545017 0.909252 0.540410 0.910827 0.539992 0.910827 0.376256 0.909646 0.376256 0.909252 0.374581 0.907677 0.374162 0.907677 0.372906 0.904921 0.372906 0.904528 0.371231 0.901772 0.371231
0 0.184843 0.372906 0.175787 0.372906 0.143898 0.362856 0.082874 0.361181 0.067126 0.362856 0.057283 0.367881 0.038780 0.371231 0.008858 0.386307 0.008858 0.484715 0.012008 0.501466 0.024606 0.531616 0.028937 0.533291 0.032480 0.539992 0.062402 0.570561 0.056102 0.580193 0.095079 0.583543 0.095079 0.575586 0.091929 0.573492 0.088780 0.561767 0.087205 0.545435 0.082874 0.545435 0.076181 0.553811 0.070276 0.550461 0.069882 0.547111 0.050984 0.528266 0.036811 0.506491 0.030512 0.483040 0.030512 0.404732 0.043504 0.395938 0.079724 0.385888 0.137598 0.387563 0.151772 0.390913 0.161614 0.397613 0.167520 0.397613 0.167913 0.400963 0.173819 0.400963 0.177362 0.404732 0.177362 0.478015 0.174213 0.494765 0.166339 0.510260 0.166339 0.514866 0.163189 0.515285 0.154921 0.530360 0.148622 0.526591 0.140748 0.510260 0.137598 0.509841 0.131299 0.496859 0.126575 0.493090 0.126575 0.488484 0.121850 0.486390 0.117126 0.478015 0.120276 0.473409 0.102953 0.452889 0.096654 0.439908 0.086024 0.438233 0.070276 0.451633 0.070276 0.456240 0.076575 0.461683 0.078150 0.467965 0.087598 0.475084 0.093898 0.488065 0.098622 0.488484 0.100197 0.494765 0.103346 0.495184 0.115945 0.518216 0.120669 0.521985 0.120669 0.524916 0.123819 0.525335 0.131693 0.539992 0.137992 0.545435 0.139567 0.551717 0.151772 0.565117 0.172244 0.545017 0.180118 0.532035 0.183268 0.531616 0.187992 0.518635 0.192717 0.514866 0.194291 0.501884 0.197441 0.498116 0.200591 0.464615 0.199016 0.384631 0.195866 0.384213 0.195866 0.379606 0.186811 0.377931
0 0.655709 0.341080 0.649803 0.341080 0.649409 0.342755 0.645079 0.342755 0.644685 0.344430 0.640354 0.344430 0.639961 0.346106 0.634055 0.346106 0.633661 0.347781 0.630906 0.347781 0.630512 0.349456 0.626181 0.349456 0.625787 0.351131 0.619882 0.351131 0.619488 0.352806 0.615157 0.352806 0.614764 0.354481 0.612008 0.354481 0.611614 0.356156 0.608858 0.356156 0.608465 0.357831 0.604134 0.357831 0.603740 0.359506 0.597835 0.359506 0.597441 0.361181 0.594685 0.361181 0.594291 0.362856 0.589961 0.362856 0.589567 0.364531 0.585236 0.364531 0.584843 0.366206 0.580512 0.366206 0.580118 0.367881 0.574213 0.367881 0.572244 0.371231 0.569488 0.371231 0.569094 0.372906 0.564764 0.372906 0.564370 0.374581 0.561614 0.374581 0.561220 0.376256 0.556890 0.376256 0.556496 0.377931 0.552165 0.377931 0.551772 0.379606 0.549016 0.379606 0.548622 0.381281 0.542717 0.381281 0.542323 0.382956 0.539567 0.382956 0.539173 0.384631 0.534842 0.384631 0.534449 0.386307 0.531693 0.386307 0.529724 0.389657 0.525394 0.389657 0.525000 0.391332 0.522244 0.391332 0.521850 0.393007 0.515945 0.393007 0.515551 0.394682 0.512795 0.394682 0.512795 0.395938 0.511220 0.396357 0.511220 0.426089 0.518701 0.426089 0.519094 0.424414 0.523425 0.424414 0.523819 0.422739 0.526575 0.422739 0.526968 0.421064 0.529724 0.421064 0.530118 0.419389 0.534449 0.419389 0.534842 0.417714 0.537598 0.417714 0.537992 0.416039 0.540748 0.416039 0.541142 0.414363 0.543898 0.414363 0.544291 0.412688 0.548622 0.412688 0.549016 0.411013 0.551772 0.411013 0.552165 0.409338 0.556496 0.409338 0.556890 0.407663 0.559646 0.407663 0.560039 0.405988 0.564370 0.405988 0.564764 0.404313 0.567913 0.404732 0.567913 0.556742 0.569488 0.557161 0.569488 0.560092 0.570669 0.560092 0.574213 0.565117 0.599016 0.565117 0.599016 0.394682 0.602165 0.394263 0.602559 0.392588 0.606890 0.392588 0.607283 0.390913 0.610039 0.390913 0.610433 0.389238 0.613189 0.389238 0.613583 0.387563 0.617913 0.387563 0.618307 0.385888 0.621063 0.385888 0.621457 0.384213 0.625787 0.384213 0.626181 0.382538 0.630512 0.382538 0.630906 0.380863 0.633661 0.380863 0.634055 0.379188 0.636811 0.379188 0.637205 0.377513 0.641535 0.377513 0.641929 0.375838 0.646260 0.375838 0.646654 0.374162 0.649409 0.374162 0.649803 0.372487 0.655709 0.370812
