0 0.412078 0.203436 0.412078 0.206092 0.418308 0.206092 0.418308 0.205834 0.418509 0.205749 0.419112 0.205749 0.419112 0.203778 0.418509 0.203778 0.418308 0.203693 0.418308 0.203436 0.417705 0.203436 0.417504 0.203350 0.417504 0.203093 0.413686 0.203093 0.413686 0.203350 0.413485 0.203436
0 0.203879 0.191098 0.203879 0.205063 0.204482 0.205063 0.204682 0.205149 0.204682 0.205749 0.205285 0.205749 0.205486 0.205834 0.205486 0.206092 0.206893 0.206092 0.207094 0.206177 0.207094 0.206434 0.216539 0.206434 0.216539 0.205834 0.215936 0.205834 0.215736 0.205749 0.215736 0.205492 0.215133 0.205492 0.214932 0.205406 0.214932 0.205149 0.214329 0.205149 0.214128 0.205063 0.214128 0.191098
0 0.458702 0.188014 0.458501 0.188357 0.457094 0.188357 0.457094 0.188614 0.456290 0.188699 0.456290 0.188956 0.455486 0.189042 0.455486 0.189299 0.454682 0.189385 0.454682 0.189642 0.453879 0.189728 0.453678 0.190070 0.453075 0.190070 0.453075 0.191013 0.452271 0.191098 0.452271 0.203007 0.453075 0.203093 0.453075 0.203693 0.453678 0.203693 0.453879 0.204035 0.454682 0.204121 0.454682 0.204721 0.455285 0.204721 0.455486 0.205063 0.456893 0.205063 0.457094 0.205406 0.457898 0.205492 0.457898 0.205749 0.459305 0.205749 0.459506 0.206092 0.460912 0.206092 0.461113 0.206434 0.464932 0.206434 0.465133 0.206777 0.476186 0.206777 0.476186 0.203436 0.475583 0.203436 0.475382 0.203093 0.474779 0.203093 0.474578 0.203436 0.469152 0.203436 0.468951 0.203093 0.465936 0.203093 0.465736 0.202750 0.464329 0.202750 0.464128 0.202407 0.463525 0.202407 0.463324 0.202065 0.462520 0.201979 0.462520 0.201379 0.461716 0.201294 0.461716 0.198980 0.461917 0.198895 0.467343 0.198895 0.467544 0.198552 0.469755 0.198552 0.469956 0.198209 0.471363 0.198209 0.471564 0.197867 0.472970 0.197867 0.472970 0.197610 0.473774 0.197524 0.473774 0.197267 0.474578 0.197181 0.474578 0.196924 0.475382 0.196839 0.475583 0.196496 0.476186 0.196496 0.476186 0.195896 0.476990 0.195810 0.476990 0.195211 0.477793 0.195125 0.477793 0.193840 0.478597 0.193754 0.478597 0.190070 0.477793 0.189985 0.477793 0.189385 0.476990 0.189299 0.476990 0.188699 0.476387 0.188699 0.476186 0.188357 0.474779 0.188357 0.474578 0.188014
0 0.426547 0.188357 0.426547 0.188614 0.425744 0.188699 0.425543 0.189042 0.424136 0.189042 0.424136 0.189642 0.423332 0.189728 0.423131 0.190070 0.422528 0.190070 0.422528 0.190670 0.421724 0.190756 0.421724 0.191698 0.420920 0.191784 0.420920 0.204721 0.421724 0.204806 0.421724 0.205406 0.422327 0.205406 0.422528 0.205749 0.423131 0.205749 0.423332 0.206092 0.424136 0.206177 0.424136 0.206434 0.425543 0.206434 0.425744 0.206777 0.431170 0.206777 0.431170 0.192812 0.431973 0.192726 0.431973 0.192469 0.432777 0.192383 0.432777 0.192126 0.433581 0.192041 0.433782 0.191698 0.436797 0.191698 0.436998 0.192041 0.437600 0.192041 0.437801 0.192383 0.438404 0.192383 0.438605 0.192726 0.439409 0.192812 0.439409 0.205406 0.440213 0.205492 0.440213 0.206092 0.440816 0.206092 0.441017 0.206434 0.441821 0.206520 0.441821 0.206777 0.449658 0.206777 0.449658 0.191098 0.448855 0.191013 0.448855 0.190413 0.448051 0.190327 0.448051 0.189728 0.447448 0.189728 0.447247 0.189385 0.446644 0.189385 0.446443 0.189042 0.445840 0.189042 0.445639 0.188699 0.444835 0.188614 0.444835 0.188357 0.443428 0.188357 0.443227 0.188014 0.428155 0.188014 0.427954 0.188357
0 0.411877 0.188014 0.399216 0.188014 0.399216 0.188271 0.399015 0.188357 0.398412 0.188357 0.398412 0.188614 0.398211 0.188699 0.396805 0.188699 0.396805 0.188956 0.396604 0.189042 0.396001 0.189042 0.396001 0.189299 0.395800 0.189385 0.395197 0.189385 0.395197 0.189985 0.394996 0.190070 0.394393 0.190070 0.394393 0.205406 0.394996 0.205406 0.395197 0.205492 0.395197 0.205749 0.395800 0.205749 0.396001 0.205834 0.396001 0.206092 0.397408 0.206092 0.397609 0.206177 0.397609 0.206434 0.403035 0.206434 0.403035 0.193497 0.403236 0.193412 0.403838 0.193412 0.403838 0.192812 0.404039 0.192726 0.404642 0.192726 0.404642 0.192469 0.404843 0.192383 0.405446 0.192383 0.405446 0.192126 0.405647 0.192041 0.411877 0.192041 0.411877 0.191441 0.412078 0.191355 0.412681 0.191355 0.412681 0.188357 0.412078 0.188357 0.411877 0.188271
0 0.201266 0.188014 0.189409 0.188014 0.189409 0.188271 0.189208 0.188357 0.187801 0.188357 0.187801 0.188614 0.187600 0.188699 0.186194 0.188699 0.186194 0.188956 0.185993 0.189042 0.185390 0.189042 0.185390 0.189299 0.185189 0.189385 0.184586 0.189385 0.184586 0.189985 0.184385 0.190070 0.183782 0.190070 0.183782 0.191013 0.183581 0.191098 0.182978 0.191098 0.182978 0.205063 0.183581 0.205063 0.183782 0.205149 0.183782 0.205749 0.184385 0.205749 0.184586 0.205834 0.184586 0.206092 0.185993 0.206092 0.186194 0.206177 0.186194 0.206434 0.192424 0.206434 0.192424 0.193155 0.192625 0.193069 0.193227 0.193069 0.193227 0.192812 0.193428 0.192726 0.194031 0.192726 0.194031 0.192469 0.194232 0.192383 0.194835 0.192383 0.194835 0.192126 0.195036 0.192041 0.201266 0.192041
0 0.371081 0.187671 0.370880 0.188014 0.369473 0.188014 0.369273 0.188357 0.367866 0.188357 0.367866 0.188614 0.367062 0.188699 0.367062 0.188956 0.366258 0.189042 0.366258 0.189299 0.365454 0.189385 0.365253 0.189728 0.364650 0.189728 0.364650 0.190327 0.363846 0.190413 0.363846 0.200608 0.363043 0.200694 0.363043 0.201979 0.363846 0.202065 0.363846 0.203007 0.364650 0.203093 0.364650 0.203693 0.365253 0.203693 0.365454 0.204035 0.366057 0.204035 0.366258 0.204378 0.366861 0.204378 0.367062 0.204721 0.367665 0.204721 0.367866 0.205063 0.368670 0.205149 0.368670 0.205406 0.370076 0.205406 0.370277 0.205749 0.371684 0.205749 0.371885 0.206092 0.373292 0.206092 0.373493 0.206434 0.387761 0.206434 0.387761 0.203093 0.378316 0.203093 0.378115 0.202750 0.375904 0.202750 0.375703 0.202407 0.375100 0.202407 0.374900 0.202065 0.374096 0.201979 0.374096 0.201379 0.373292 0.201294 0.373292 0.198980 0.373493 0.198895 0.374900 0.198895 0.375100 0.198552 0.380527 0.198552 0.380727 0.198209 0.382134 0.198209 0.382335 0.197867 0.383742 0.197867 0.383742 0.197610 0.384546 0.197524 0.384546 0.197267 0.385350 0.197181 0.385350 0.196924 0.386154 0.196839 0.386154 0.196582 0.386957 0.196496 0.387158 0.196153 0.387761 0.196153 0.387761 0.195553 0.388565 0.195468 0.388565 0.194525 0.389369 0.194440 0.389369 0.189042 0.388766 0.189042 0.388565 0.188699 0.387962 0.188699 0.387761 0.188357 0.386957 0.188271 0.386957 0.188014 0.385551 0.188014 0.385350 0.187671
0 0.275422 0.188014 0.275422 0.188271 0.274618 0.188357 0.274618 0.188614 0.273814 0.188699 0.273814 0.188956 0.273010 0.189042 0.273010 0.189299 0.272207 0.189385 0.272006 0.189728 0.271403 0.189728 0.271403 0.190327 0.270599 0.190413 0.270599 0.191355 0.269795 0.191441 0.269795 0.202322 0.270599 0.202407 0.270599 0.203007 0.271403 0.203093 0.271403 0.203693 0.272006 0.203693 0.272207 0.204035 0.272809 0.204035 0.273010 0.204378 0.273613 0.204378 0.273814 0.204721 0.274417 0.204721 0.274618 0.205063 0.275422 0.205149 0.275422 0.205406 0.276829 0.205406 0.277030 0.205749 0.278436 0.205749 0.278637 0.206092 0.280044 0.206092 0.280245 0.206434 0.294514 0.206434 0.294514 0.206177 0.295318 0.206092 0.295318 0.204806 0.294514 0.204721 0.294514 0.203778 0.295318 0.203693 0.295318 0.203436 0.294715 0.203436 0.294514 0.203093 0.285068 0.203093 0.284867 0.202750 0.283461 0.202750 0.283260 0.202407 0.281853 0.202407 0.281652 0.202065 0.280848 0.201979 0.280848 0.201379 0.280044 0.201294 0.280044 0.198980 0.280245 0.198895 0.281652 0.198895 0.281853 0.198552 0.287279 0.198552 0.287480 0.198209 0.288887 0.198209 0.289088 0.197867 0.290494 0.197867 0.290494 0.197610 0.291298 0.197524 0.291298 0.197267 0.292102 0.197181 0.292102 0.196924 0.292906 0.196839 0.292906 0.196582 0.293710 0.196496 0.293710 0.196239 0.294514 0.196153 0.294715 0.195810 0.295318 0.195810 0.295318 0.194868 0.296121 0.194782 0.296121 0.193840 0.296925 0.193754 0.296925 0.189728 0.296121 0.189642 0.296121 0.189042 0.295518 0.189042 0.295318 0.188699 0.294715 0.188699 0.294514 0.188357 0.293710 0.188271 0.293710 0.188014 0.292303 0.188014 0.292102 0.187671 0.277834 0.187671 0.277633 0.188014
0 0.303557 0.188357 0.303557 0.188614 0.302753 0.188699 0.302753 0.188956 0.301949 0.189042 0.301748 0.189385 0.301145 0.189385 0.301145 0.189985 0.300342 0.190070 0.300342 0.191013 0.299538 0.191098 0.299538 0.204721 0.300342 0.204806 0.300342 0.205406 0.300945 0.205406 0.301145 0.205749 0.302552 0.205749 0.302753 0.206092 0.303557 0.206177 0.303557 0.206434 0.308983 0.206434 0.308983 0.206177 0.309787 0.206092 0.309787 0.192126 0.310591 0.192041 0.310792 0.191698 0.312199 0.191698 0.312400 0.191355 0.314610 0.191355 0.314811 0.191698 0.316218 0.191698 0.316419 0.192041 0.317223 0.192126 0.317223 0.204378 0.318027 0.204464 0.318027 0.205406 0.318830 0.205492 0.318830 0.206092 0.320237 0.206092 0.320438 0.206434 0.328276 0.206434 0.328276 0.191098 0.327472 0.191013 0.327472 0.190070 0.326869 0.190070 0.326668 0.189728 0.325864 0.189642 0.325864 0.189042 0.325261 0.189042 0.325060 0.188699 0.324256 0.188614 0.324256 0.188357 0.322850 0.188357 0.322649 0.188014 0.321242 0.188014 0.321041 0.187671 0.318027 0.187671 0.317826 0.187329 0.309988 0.187329 0.309787 0.187671 0.306773 0.187671 0.306572 0.188014 0.305165 0.188014 0.304964 0.188357
0 0.204682 0.186643 0.204682 0.186900 0.204482 0.186986 0.203879 0.186986 0.203879 0.190670 0.213324 0.190670 0.213324 0.190413 0.213525 0.190327 0.214128 0.190327 0.214128 0.187671 0.214329 0.187586 0.214932 0.187586 0.214932 0.186643
0 0.158059 0.182874 0.158059 0.183131 0.157255 0.183216 0.157054 0.183559 0.155647 0.183559 0.155647 0.183816 0.154843 0.183902 0.154843 0.184501 0.154039 0.184587 0.153838 0.184930 0.153236 0.184930 0.153236 0.185872 0.152432 0.185958 0.152432 0.204721 0.153236 0.204806 0.153236 0.205406 0.153838 0.205406 0.154039 0.205749 0.154843 0.205834 0.154843 0.206092 0.156250 0.206092 0.156451 0.206434 0.163485 0.206434 0.163485 0.206177 0.164289 0.206092 0.164289 0.205149 0.163485 0.205063 0.163485 0.197952 0.164289 0.197867 0.164490 0.197524 0.166700 0.197524 0.166901 0.197181 0.168308 0.197181 0.168509 0.196839 0.170719 0.196839 0.170719 0.196582 0.171523 0.196496 0.171724 0.205063 0.172528 0.205149 0.172528 0.205749 0.173131 0.205749 0.173332 0.206092 0.174136 0.206177 0.174136 0.206434 0.181170 0.206434 0.181170 0.185958 0.180366 0.185872 0.180366 0.185272 0.179562 0.185187 0.179562 0.184587 0.178959 0.184587 0.178758 0.184244 0.178155 0.184244 0.177954 0.183902 0.177351 0.183902 0.177150 0.183559 0.176547 0.183559 0.176346 0.183216 0.175543 0.183131 0.175543 0.182874 0.173332 0.182874 0.173131 0.182531 0.160470 0.182531 0.160269 0.182874
0 0.356411 0.181503 0.348573 0.181503 0.348573 0.187586 0.347769 0.187671 0.347568 0.188014 0.344554 0.188014 0.344353 0.188357 0.342142 0.188357 0.341941 0.188699 0.339731 0.188699 0.339530 0.189042 0.338123 0.189042 0.338123 0.189299 0.337319 0.189385 0.337118 0.189728 0.335711 0.189728 0.335711 0.189985 0.334908 0.190070 0.334908 0.190327 0.334104 0.190413 0.333903 0.190756 0.333300 0.190756 0.333300 0.191355 0.332496 0.191441 0.332496 0.192041 0.331692 0.192126 0.331692 0.193412 0.330888 0.193497 0.330888 0.202322 0.331692 0.202407 0.331692 0.203693 0.332496 0.203778 0.332496 0.204378 0.333099 0.204378 0.333300 0.204721 0.333903 0.204721 0.334104 0.205063 0.334707 0.205063 0.334908 0.205406 0.335711 0.205492 0.335711 0.205749 0.337118 0.205749 0.337319 0.206092 0.339530 0.206092 0.339731 0.206434 0.351588 0.206434 0.351789 0.206092 0.353195 0.206092 0.353396 0.205749 0.354803 0.205749 0.354803 0.205492 0.355607 0.205406 0.355607 0.205149 0.356411 0.205063 0.356411 0.204806 0.357215 0.204721 0.357215 0.204464 0.358018 0.204378 0.358219 0.204035 0.358822 0.204035 0.358822 0.203093 0.359626 0.203007 0.359626 0.182874 0.359023 0.182874 0.358822 0.182531 0.358219 0.182531 0.358018 0.182188 0.357416 0.182188 0.357215 0.181845 0.356411 0.181760
0 0.522006 0.179104 0.519795 0.179104 0.519594 0.179447 0.517383 0.179447 0.517182 0.179789 0.514972 0.179789 0.514771 0.180132 0.513364 0.180132 0.513163 0.180475 0.510953 0.180475 0.510752 0.180817 0.508541 0.180817 0.508340 0.181160 0.506933 0.181160 0.506732 0.181503 0.504522 0.181503 0.504321 0.181845 0.502110 0.181845 0.501909 0.182188 0.499699 0.182188 0.499498 0.182531 0.498091 0.182531 0.497890 0.182874 0.495679 0.182874 0.495478 0.183216 0.493268 0.183216 0.493067 0.183559 0.491660 0.183559 0.491459 0.183902 0.489248 0.183902 0.489047 0.184244 0.486837 0.184244 0.486636 0.184587 0.485229 0.184587 0.485028 0.184930 0.482818 0.184930 0.482617 0.185272 0.480406 0.185272 0.480205 0.185615 0.478798 0.185615 0.478798 0.189642 0.481813 0.189642 0.482014 0.189299 0.483420 0.189299 0.483621 0.188956 0.485832 0.188956 0.486033 0.188614 0.488244 0.188614 0.488445 0.188271 0.489851 0.188271 0.490052 0.187928 0.492263 0.187928 0.492464 0.187586 0.494674 0.187586 0.494875 0.187243 0.495679 0.187329 0.495679 0.205406 0.496282 0.205406 0.496483 0.205749 0.497086 0.205749 0.497287 0.206092 0.497890 0.206092 0.498091 0.206434 0.498895 0.206520 0.498895 0.206777 0.505125 0.206777 0.505125 0.185958 0.505928 0.185872 0.506129 0.185529 0.507536 0.185529 0.507737 0.185187 0.509948 0.185187 0.510149 0.184844 0.511555 0.184844 0.511756 0.184501 0.513967 0.184501 0.514168 0.184159 0.516379 0.184159 0.516580 0.183816 0.517986 0.183816 0.518187 0.183473 0.520398 0.183473 0.520599 0.183131 0.522006 0.183131
0 0.281652 0.178761 0.280245 0.178761 0.280044 0.179104 0.277834 0.179104 0.277633 0.179447 0.275422 0.179447 0.275221 0.179789 0.273814 0.179789 0.273613 0.180132 0.268991 0.180475 0.268790 0.180817 0.267383 0.180817 0.267182 0.181160 0.264972 0.181160 0.264771 0.181503 0.260149 0.181845 0.259948 0.182188 0.258541 0.182188 0.258340 0.182531 0.253718 0.182874 0.253517 0.183216 0.252110 0.183216 0.251909 0.183559 0.249699 0.183559 0.249498 0.183902 0.247287 0.183902 0.247086 0.184244 0.245679 0.184244 0.245478 0.184587 0.243268 0.184587 0.243067 0.184930 0.240856 0.184930 0.240655 0.185272 0.239248 0.185272 0.239047 0.189385 0.238445 0.189385 0.237440 0.188699 0.236033 0.188699 0.235832 0.188357 0.234425 0.188357 0.234224 0.188014 0.232014 0.188014 0.231813 0.187671 0.220760 0.187671 0.220760 0.187928 0.219956 0.188014 0.219956 0.190670 0.220559 0.190670 0.220760 0.191013 0.227793 0.191013 0.227994 0.191355 0.230205 0.191355 0.230406 0.191698 0.232014 0.192126 0.232014 0.192726 0.232818 0.192812 0.232818 0.195468 0.226387 0.195553 0.226186 0.195896 0.223975 0.195896 0.222970 0.196582 0.221564 0.196582 0.221564 0.196839 0.218348 0.197952 0.218348 0.198552 0.217544 0.198638 0.217544 0.199237 0.216740 0.199323 0.216740 0.200608 0.215936 0.200694 0.215936 0.204378 0.216740 0.204464 0.216740 0.205063 0.217343 0.205063 0.219152 0.206092 0.220559 0.206092 0.220760 0.206434 0.235832 0.206434 0.236837 0.205749 0.237440 0.205749 0.238445 0.206434 0.241459 0.206434 0.241459 0.206177 0.242263 0.206092 0.242263 0.191098 0.241459 0.191013 0.241459 0.190413 0.240856 0.190413 0.239047 0.189385 0.241459 0.189299 0.241660 0.188956 0.243871 0.188956 0.244072 0.188614 0.246282 0.188614 0.246483 0.188271 0.248694 0.188271 0.248895 0.187928 0.250301 0.187928 0.250502 0.187586 0.252713 0.187586 0.252914 0.187243 0.255928 0.186900 0.256129 0.205063 0.256933 0.205149 0.256933 0.205749 0.257536 0.205749 0.257737 0.206092 0.259144 0.206092 0.259345 0.206434 0.264771 0.206434 0.264771 0.206177 0.265575 0.206092 0.265575 0.185615 0.266379 0.185529 0.266580 0.185187 0.267986 0.185187 0.268187 0.184844 0.269594 0.184844 0.269795 0.184501 0.272006 0.184501 0.272207 0.184159 0.274417 0.184159 0.274618 0.183816 0.276025 0.183816 0.276226 0.183473 0.278436 0.183473 0.278637 0.183131 0.280848 0.183131 0.281049 0.182788 0.282456 0.182788 0.282456 0.179104 0.281853 0.179104
0 0.138565 0.175677 0.127311 0.173621 0.109626 0.171564 0.076065 0.171222 0.059184 0.172593 0.039891 0.176020 0.039891 0.197524 0.043911 0.204035 0.052753 0.209519 0.068027 0.215430 0.064811 0.217743 0.085510 0.218429 0.080687 0.209947 0.074457 0.211660 0.063806 0.207120 0.054964 0.201979 0.051748 0.196839 0.051748 0.180132 0.068027 0.177305 0.084104 0.176277 0.108018 0.176962 0.121684 0.178675 0.127512 0.180132 0.127512 0.197524 0.122689 0.203350 0.116057 0.206863 0.114449 0.206777 0.096764 0.196153 0.096965 0.194440 0.099980 0.194782 0.109626 0.191698 0.097568 0.183559 0.093750 0.183902 0.085711 0.186301 0.085510 0.187329 0.082496 0.186986 0.072850 0.189728 0.073453 0.191784 0.070438 0.190756 0.059988 0.193840 0.061596 0.195810 0.072046 0.202322 0.074256 0.202322 0.083903 0.199237 0.083300 0.197867 0.087118 0.198895 0.114449 0.214659 0.131330 0.207120 0.135350 0.204378 0.138565 0.200266 0.140173 0.196153 0.140173 0.176362
