0 0.612468 0.565388 0.612468 0.566625 0.612151 0.567038 0.611199 0.567038 0.611199 0.578177 0.621034 0.578177 0.621034 0.576939 0.621352 0.576526 0.622303 0.576526 0.622303 0.567038 0.621352 0.567038 0.621034 0.566625 0.621034 0.565388
0 0.283788 0.507632 0.283788 0.574876 0.284740 0.574876 0.285057 0.575289 0.285057 0.576526 0.286009 0.576526 0.286326 0.576939 0.286326 0.578177 0.287278 0.578177 0.287595 0.578589 0.287595 0.579827 0.303775 0.579827 0.303775 0.578589 0.302824 0.578589 0.302506 0.578177 0.302506 0.576939 0.301555 0.576939 0.301237 0.576526 0.301237 0.575289 0.300286 0.575289 0.299968 0.574876 0.299968 0.570338 0.299017 0.570338 0.298699 0.569926 0.298699 0.558787 0.299017 0.558375 0.299968 0.558375 0.299968 0.507632
0 0.279664 0.492781 0.259676 0.492781 0.259676 0.494018 0.259359 0.494431 0.257138 0.494431 0.257138 0.495668 0.256821 0.496081 0.254600 0.496081 0.254600 0.497318 0.254283 0.497731 0.253331 0.497731 0.253331 0.500619 0.253014 0.501031 0.252062 0.501031 0.252062 0.503919 0.251745 0.504332 0.250793 0.504332 0.250793 0.574876 0.251745 0.574876 0.252062 0.575289 0.252062 0.576526 0.253014 0.576526 0.253331 0.576939 0.253331 0.578177 0.254283 0.578177 0.254600 0.578589 0.254600 0.579827 0.265704 0.579827 0.265704 0.515883 0.266022 0.515470 0.266973 0.515470 0.266973 0.514233 0.267291 0.513820 0.268242 0.513820 0.268242 0.512582 0.268560 0.512170 0.278395 0.512170 0.278395 0.510932 0.278712 0.510520 0.279664 0.510520
0 0.683534 0.492781 0.683534 0.494018 0.682265 0.494431 0.681948 0.496081 0.679727 0.496081 0.679727 0.497318 0.678458 0.497731 0.678458 0.500619 0.677189 0.501031 0.676872 0.502681 0.675920 0.502681 0.675920 0.505569 0.674651 0.505982 0.674651 0.563325 0.675920 0.563738 0.675920 0.566625 0.677189 0.567038 0.677189 0.569926 0.678141 0.569926 0.678458 0.571576 0.679727 0.571988 0.679727 0.573226 0.681948 0.573226 0.682265 0.574876 0.683534 0.575289 0.683534 0.576526 0.685755 0.576526 0.686072 0.578177 0.688293 0.578177 0.688610 0.579827 0.692100 0.579827 0.692418 0.581477 0.712405 0.581477 0.712405 0.565388 0.697494 0.565388 0.697176 0.563738 0.694956 0.563738 0.694638 0.562087 0.693687 0.562087 0.693369 0.560437 0.692418 0.560437 0.692100 0.558787 0.690831 0.558375 0.690831 0.555487 0.689562 0.555074 0.689562 0.545586 0.690831 0.545173 0.691148 0.543523 0.699714 0.543523 0.700032 0.541873 0.703522 0.541873 0.703839 0.540223 0.706060 0.540223 0.706060 0.538985 0.707329 0.538573 0.707329 0.537335 0.708598 0.536922 0.708598 0.535685 0.709867 0.535272 0.709867 0.534035 0.711136 0.533622 0.711136 0.532385 0.712405 0.531972 0.712722 0.530322 0.713674 0.530322 0.713674 0.527434 0.714943 0.527021 0.714943 0.520833 0.716212 0.520421 0.716212 0.501031 0.714943 0.500619 0.714943 0.497731 0.713991 0.497731 0.713674 0.496081 0.712722 0.496081 0.712405 0.494431 0.711136 0.494018 0.711136 0.492781 0.708915 0.492781 0.708598 0.491130 0.687341 0.491130 0.687024 0.492781
0 0.635311 0.492781 0.635311 0.494018 0.634042 0.494431 0.633725 0.496081 0.631504 0.496081 0.631504 0.497318 0.630235 0.497731 0.629918 0.499381 0.628966 0.499381 0.628966 0.502269 0.627697 0.502681 0.627697 0.505569 0.626428 0.505982 0.626428 0.512170 0.625159 0.512582 0.625159 0.569926 0.626428 0.570338 0.626428 0.574876 0.627379 0.574876 0.627697 0.576526 0.628648 0.576526 0.628966 0.578177 0.630235 0.578589 0.630235 0.579827 0.632456 0.579827 0.632773 0.581477 0.641339 0.581477 0.641339 0.515883 0.642608 0.515470 0.642608 0.512582 0.645146 0.512170 0.645463 0.510520 0.651491 0.510520 0.651808 0.512170 0.652760 0.512170 0.653077 0.513820 0.654346 0.514233 0.654346 0.574876 0.655616 0.575289 0.655616 0.578177 0.656567 0.578177 0.656884 0.579827 0.658154 0.580239 0.658154 0.581477 0.670527 0.581477 0.670527 0.580239 0.671796 0.579827 0.671796 0.578589 0.670527 0.578177 0.670527 0.505982 0.669258 0.505569 0.669258 0.502681 0.667989 0.502269 0.667989 0.499381 0.667037 0.499381 0.666720 0.497731 0.665451 0.497318 0.665451 0.496081 0.663230 0.496081 0.662912 0.494431 0.661643 0.494018 0.661643 0.492781 0.658154 0.492781 0.657836 0.491130 0.639118 0.491130 0.638801 0.492781
0 0.610882 0.491130 0.594702 0.491130 0.594702 0.492368 0.594384 0.492781 0.590895 0.492781 0.590895 0.494018 0.590577 0.494431 0.588357 0.494431 0.588357 0.495668 0.588039 0.496081 0.587088 0.496081 0.587088 0.497318 0.586770 0.497731 0.585819 0.497731 0.585819 0.498969 0.585501 0.499381 0.584549 0.499381 0.584549 0.502269 0.584232 0.502681 0.583280 0.502681 0.583280 0.574876 0.584232 0.574876 0.584549 0.575289 0.584549 0.576526 0.585501 0.576526 0.585819 0.576939 0.585819 0.578177 0.586770 0.578177 0.587088 0.578589 0.587088 0.579827 0.596923 0.579827 0.596923 0.578589 0.597240 0.578177 0.598192 0.578177 0.598192 0.515883 0.598509 0.515470 0.599461 0.515470 0.599461 0.514233 0.599778 0.513820 0.600730 0.513820 0.600730 0.512582 0.601047 0.512170 0.603268 0.512170 0.603268 0.510932 0.603585 0.510520 0.612151 0.510520 0.612151 0.492781 0.611199 0.492781 0.610882 0.492368
0 0.545209 0.491130 0.544892 0.492781 0.542671 0.492781 0.542671 0.494018 0.541402 0.494431 0.541402 0.495668 0.540133 0.496081 0.540133 0.497318 0.538864 0.497731 0.538547 0.499381 0.537595 0.499381 0.537595 0.502269 0.536326 0.502681 0.536326 0.505569 0.535057 0.505982 0.535057 0.563325 0.536326 0.563738 0.536326 0.566625 0.537278 0.566625 0.537595 0.568276 0.538547 0.568276 0.538864 0.569926 0.539816 0.569926 0.540133 0.571576 0.541085 0.571576 0.541402 0.573226 0.542671 0.573639 0.542671 0.574876 0.544892 0.574876 0.545209 0.576526 0.546478 0.576939 0.546478 0.578177 0.549968 0.578177 0.550286 0.579827 0.572811 0.579827 0.572811 0.563738 0.556631 0.563738 0.556313 0.562087 0.554093 0.562087 0.553775 0.560437 0.552824 0.560437 0.552506 0.558787 0.551237 0.558375 0.551237 0.555487 0.549968 0.555074 0.549968 0.543936 0.550286 0.543523 0.557582 0.543523 0.557900 0.541873 0.562659 0.541873 0.562976 0.540223 0.565197 0.540223 0.565197 0.538985 0.566466 0.538573 0.566783 0.536922 0.569004 0.536922 0.569004 0.535685 0.570273 0.535272 0.570273 0.534035 0.571542 0.533622 0.571859 0.531972 0.572811 0.531972 0.572811 0.529084 0.574080 0.528672 0.574080 0.525784 0.575349 0.525371 0.575349 0.519183 0.576618 0.518771 0.576618 0.501031 0.575349 0.500619 0.575349 0.496081 0.574397 0.496081 0.574080 0.494431 0.572811 0.494018 0.572811 0.492781 0.570590 0.492781 0.570273 0.491130
0 0.398001 0.491130 0.397684 0.492781 0.395463 0.492781 0.395463 0.494018 0.394194 0.494431 0.394194 0.495668 0.392925 0.496081 0.392925 0.497318 0.391656 0.497731 0.391339 0.499381 0.390387 0.499381 0.390387 0.502269 0.389118 0.502681 0.389118 0.505569 0.387849 0.505982 0.387849 0.561675 0.389118 0.562087 0.389118 0.564975 0.390387 0.565388 0.390387 0.568276 0.391339 0.568276 0.391656 0.569926 0.392608 0.569926 0.392925 0.571576 0.393877 0.571576 0.394194 0.573226 0.395463 0.573639 0.395463 0.574876 0.397684 0.574876 0.398001 0.576526 0.400222 0.576526 0.400539 0.578177 0.402760 0.578177 0.403077 0.579827 0.426872 0.579827 0.426872 0.565388 0.425920 0.565388 0.425603 0.563738 0.409423 0.563738 0.409105 0.562087 0.406885 0.562087 0.406567 0.560437 0.405615 0.560437 0.405298 0.558787 0.404029 0.558375 0.404029 0.553837 0.402760 0.553424 0.402760 0.543936 0.403077 0.543523 0.411643 0.543523 0.411961 0.541873 0.415451 0.541873 0.415768 0.540223 0.417989 0.540223 0.418306 0.538573 0.420527 0.538573 0.420527 0.537335 0.421796 0.536922 0.421796 0.535685 0.423065 0.535272 0.423065 0.534035 0.424334 0.533622 0.424334 0.532385 0.425603 0.531972 0.425920 0.530322 0.426872 0.530322 0.426872 0.527434 0.428141 0.527021 0.428141 0.522484 0.429410 0.522071 0.429410 0.499381 0.428141 0.498969 0.428141 0.496081 0.427189 0.496081 0.426872 0.494431 0.425920 0.494431 0.425603 0.492781 0.424334 0.492368 0.424334 0.491130
0 0.443687 0.491130 0.443687 0.492368 0.442418 0.492781 0.442100 0.494431 0.439879 0.494431 0.439879 0.495668 0.438610 0.496081 0.438293 0.497731 0.437341 0.497731 0.437341 0.500619 0.436072 0.501031 0.436072 0.503919 0.434803 0.504332 0.434803 0.508870 0.433534 0.509282 0.433534 0.569926 0.434803 0.570338 0.434803 0.573226 0.435755 0.573226 0.436072 0.574876 0.437024 0.574876 0.437341 0.576526 0.438293 0.576526 0.438610 0.578177 0.439879 0.578589 0.439879 0.579827 0.449714 0.579827 0.449714 0.514233 0.450983 0.513820 0.450983 0.510932 0.452253 0.510520 0.452570 0.508870 0.459867 0.508870 0.460184 0.510520 0.461136 0.510520 0.461453 0.512170 0.462722 0.512582 0.462722 0.574876 0.463674 0.574876 0.463991 0.576526 0.464943 0.576526 0.465260 0.578177 0.466529 0.578589 0.466529 0.579827 0.478902 0.579827 0.478902 0.504332 0.477633 0.503919 0.477633 0.501031 0.476681 0.501031 0.476364 0.499381 0.475095 0.498969 0.475095 0.496081 0.474143 0.496081 0.473826 0.494431 0.471605 0.494431 0.471288 0.492781 0.469067 0.492781 0.468750 0.491130 0.465260 0.491130 0.464943 0.489480 0.447494 0.489480 0.447176 0.491130
0 0.283788 0.486180 0.283788 0.489068 0.283471 0.489480 0.282519 0.489480 0.282519 0.500619 0.283471 0.500619 0.283788 0.501031 0.283788 0.503919 0.284740 0.503919 0.285057 0.504332 0.285057 0.505569 0.297430 0.505569 0.297430 0.504332 0.297747 0.503919 0.298699 0.503919 0.298699 0.492781 0.299017 0.492368 0.299968 0.492368 0.299968 0.489480 0.300286 0.489068 0.301237 0.489068 0.301237 0.486180
0 0.210184 0.468028 0.210184 0.469266 0.208915 0.469678 0.208915 0.470916 0.207646 0.471328 0.207646 0.472566 0.206377 0.472979 0.206060 0.474629 0.205108 0.474629 0.205108 0.477517 0.203839 0.477929 0.203839 0.480817 0.202570 0.481229 0.202570 0.573226 0.203522 0.573226 0.203839 0.574876 0.204791 0.574876 0.205108 0.576526 0.206060 0.576526 0.206377 0.578177 0.207646 0.578589 0.207646 0.579827 0.220019 0.579827 0.220019 0.538985 0.221288 0.538573 0.221605 0.536922 0.225095 0.536922 0.225412 0.535272 0.228902 0.535272 0.229220 0.533622 0.232709 0.533622 0.233027 0.574876 0.234296 0.575289 0.234296 0.578177 0.235247 0.578177 0.235565 0.579827 0.247938 0.579827 0.247938 0.484530 0.246669 0.484117 0.246669 0.479579 0.245400 0.479167 0.245400 0.476279 0.244448 0.476279 0.244131 0.474629 0.243179 0.474629 0.242862 0.472979 0.241910 0.472979 0.241593 0.471328 0.240641 0.471328 0.240324 0.469678 0.239055 0.469266 0.239055 0.468028 0.236834 0.468028 0.236516 0.466378 0.213991 0.466378 0.213674 0.468028
0 0.523319 0.461427 0.510945 0.461427 0.510945 0.490718 0.510628 0.491130 0.508407 0.491130 0.508090 0.492781 0.503331 0.492781 0.503014 0.494431 0.499524 0.494431 0.499207 0.496081 0.496986 0.496081 0.496669 0.497731 0.494448 0.497731 0.494448 0.498969 0.493179 0.499381 0.492862 0.501031 0.490641 0.501031 0.490641 0.502269 0.489372 0.502681 0.489055 0.504332 0.488103 0.504332 0.488103 0.507219 0.486834 0.507632 0.486517 0.509282 0.485565 0.509282 0.485565 0.513820 0.484296 0.514233 0.484296 0.564975 0.485565 0.565388 0.485565 0.568276 0.486834 0.568688 0.486834 0.571576 0.487786 0.571576 0.488103 0.573226 0.489055 0.573226 0.489372 0.574876 0.490641 0.575289 0.490641 0.576526 0.492862 0.576526 0.493179 0.578177 0.495400 0.578177 0.495717 0.579827 0.516973 0.579827 0.517291 0.578177 0.519511 0.578177 0.519829 0.576526 0.522049 0.576526 0.522049 0.575289 0.523319 0.574876 0.523319 0.573639 0.524588 0.573226 0.524905 0.571576 0.525857 0.571576 0.525857 0.568688 0.527126 0.568276 0.527443 0.566625 0.528395 0.566625 0.528395 0.560437 0.529664 0.560025 0.529664 0.471328 0.528395 0.470916 0.528395 0.468028 0.527126 0.467616 0.527126 0.464728 0.526174 0.464728 0.525857 0.463078 0.523636 0.463078
0 0.784740 0.449876 0.779981 0.449876 0.779664 0.451526 0.777443 0.451526 0.777126 0.453177 0.773636 0.453177 0.773319 0.454827 0.769829 0.454827 0.769511 0.456477 0.766022 0.456477 0.765704 0.458127 0.763484 0.458127 0.763166 0.459777 0.759676 0.459777 0.759359 0.461427 0.755869 0.461427 0.755552 0.463078 0.753331 0.463078 0.753014 0.464728 0.749524 0.464728 0.749207 0.466378 0.745717 0.466378 0.745400 0.468028 0.743179 0.468028 0.742862 0.469678 0.739372 0.469678 0.739055 0.471328 0.735565 0.471328 0.735247 0.472979 0.731758 0.472979 0.731440 0.474629 0.729220 0.474629 0.728902 0.476279 0.725412 0.476279 0.725095 0.477929 0.721605 0.477929 0.721288 0.479579 0.719067 0.479579 0.718750 0.481229 0.716529 0.481229 0.716529 0.498969 0.717481 0.498969 0.717798 0.500619 0.720019 0.500619 0.720336 0.498969 0.722557 0.498969 0.722874 0.497318 0.726364 0.497318 0.726681 0.495668 0.730171 0.495668 0.730489 0.494018 0.733978 0.494018 0.734296 0.492368 0.736516 0.492368 0.736834 0.490718 0.740324 0.490718 0.740641 0.489068 0.743179 0.489480 0.743179 0.574876 0.744448 0.575289 0.744448 0.578177 0.745400 0.578177 0.745717 0.579827 0.747938 0.579827 0.748255 0.581477 0.758090 0.581477 0.758090 0.481229 0.760628 0.480817 0.760945 0.479167 0.764435 0.479167 0.764753 0.477517 0.768242 0.477517 0.768560 0.475866 0.770780 0.475866 0.771098 0.474216 0.774588 0.474216 0.774905 0.472566 0.778395 0.472566 0.778712 0.470916 0.780933 0.470916 0.781250 0.469266 0.783471 0.469266 0.783471 0.468028 0.784740 0.467616
0 0.407836 0.449876 0.406885 0.449876 0.406567 0.448226 0.403077 0.448226 0.402760 0.449876 0.395463 0.451526 0.395146 0.453177 0.392925 0.453177 0.392608 0.454827 0.389118 0.454827 0.388801 0.456477 0.381504 0.458127 0.381187 0.459777 0.378966 0.459777 0.378648 0.461427 0.371352 0.463078 0.371034 0.464728 0.368813 0.464728 0.368496 0.466378 0.361199 0.468028 0.360882 0.469678 0.358661 0.469678 0.358344 0.471328 0.354854 0.471328 0.354537 0.472979 0.347240 0.474629 0.346923 0.476279 0.344702 0.476279 0.344385 0.477929 0.340895 0.477929 0.340895 0.479167 0.338357 0.481229 0.338039 0.497731 0.337088 0.497731 0.336770 0.496081 0.334549 0.496081 0.334232 0.494431 0.332011 0.494431 0.331694 0.492781 0.329473 0.492781 0.329156 0.491130 0.309169 0.491130 0.309169 0.505569 0.310121 0.505569 0.310438 0.507219 0.322811 0.507219 0.323128 0.508870 0.325349 0.508870 0.325666 0.510520 0.328204 0.512582 0.328204 0.517120 0.329473 0.517533 0.329473 0.527021 0.323128 0.527434 0.322811 0.529084 0.316783 0.529084 0.316466 0.530734 0.314245 0.530734 0.312659 0.534035 0.310438 0.534035 0.310438 0.535272 0.306631 0.538985 0.306631 0.541873 0.305362 0.542286 0.305362 0.545173 0.304093 0.545586 0.304093 0.550124 0.302824 0.550536 0.302824 0.571576 0.304093 0.571988 0.304093 0.574876 0.305044 0.574876 0.306631 0.578177 0.308852 0.578177 0.309169 0.579827 0.334232 0.579827 0.334549 0.578177 0.336770 0.578177 0.337088 0.579827 0.343115 0.579827 0.343115 0.578589 0.344385 0.578177 0.344385 0.509282 0.343115 0.508870 0.341846 0.502681 0.340895 0.502681 0.339308 0.499381 0.341846 0.498969 0.342164 0.497318 0.345654 0.497318 0.345971 0.495668 0.349461 0.495668 0.349778 0.494018 0.351999 0.494018 0.352316 0.492368 0.355806 0.492368 0.356123 0.490718 0.359613 0.490718 0.359930 0.489068 0.362151 0.489068 0.362468 0.487417 0.365958 0.487417 0.366275 0.574876 0.367227 0.574876 0.370082 0.579827 0.379918 0.579827 0.379918 0.578589 0.381187 0.578177 0.381187 0.479579 0.383725 0.479167 0.384042 0.477517 0.386263 0.477517 0.386580 0.475866 0.390070 0.475866 0.390387 0.474216 0.393877 0.474216 0.394194 0.472566 0.396415 0.472566 0.396732 0.470916 0.400222 0.470916 0.400539 0.469266 0.404029 0.469266 0.404346 0.467616 0.406567 0.467616 0.406567 0.466378 0.407836 0.465965
0 0.180679 0.433375 0.141339 0.415223 0.124841 0.411922 0.082011 0.411922 0.055362 0.418523 0.024905 0.435025 0.024905 0.536922 0.027443 0.555074 0.033788 0.574876 0.042671 0.591378 0.068052 0.623144 0.064245 0.634282 0.096923 0.637582 0.089308 0.596741 0.079473 0.604992 0.060121 0.579827 0.047430 0.555074 0.043623 0.535272 0.043623 0.454827 0.064245 0.442863 0.093433 0.436262 0.132456 0.439563 0.154029 0.447814 0.163230 0.454827 0.163230 0.536922 0.155615 0.564975 0.145146 0.581889 0.141339 0.579827 0.114689 0.530322 0.113737 0.520421 0.118496 0.525371 0.134994 0.510520 0.133725 0.504332 0.114689 0.469678 0.099778 0.481229 0.096923 0.489480 0.090895 0.487830 0.076935 0.501031 0.076618 0.507632 0.069321 0.507632 0.056631 0.520833 0.075666 0.560025 0.079156 0.560025 0.090577 0.550124 0.094702 0.541873 0.099461 0.543523 0.142608 0.619431 0.164181 0.591378 0.178141 0.561675 0.181948 0.540223 0.183217 0.436675
