0 0.331463 0.659936 0.331463 0.661298 0.331014 0.661751 0.329668 0.661751 0.329668 0.663113 0.329219 0.663566 0.327873 0.663566 0.327873 0.664927 0.329219 0.664927 0.329668 0.665381 0.329668 0.666742 0.331014 0.666742 0.331463 0.667196 0.331463 0.668557 0.334605 0.668557 0.334605 0.667196 0.335054 0.666742 0.336400 0.666742 0.336400 0.665381 0.336849 0.664927 0.338196 0.664927 0.338196 0.663566 0.336849 0.663566 0.336400 0.663113 0.336400 0.661751 0.335054 0.661751 0.334605 0.661298 0.334605 0.659936
0 0.315305 0.659936 0.315305 0.661298 0.314856 0.661751 0.313510 0.661751 0.313510 0.663113 0.313061 0.663566 0.311715 0.663566 0.311715 0.664927 0.313061 0.664927 0.313510 0.665381 0.313510 0.666742 0.314856 0.666742 0.315305 0.667196 0.315305 0.668557 0.318447 0.668557 0.318447 0.667196 0.318896 0.666742 0.320242 0.666742 0.320242 0.665381 0.320691 0.664927 0.322038 0.664927 0.322038 0.663566 0.320691 0.663566 0.320242 0.663113 0.320242 0.661751 0.318896 0.661751 0.318447 0.661298 0.318447 0.659936
0 0.993492 0.627269 0.988555 0.627269 0.988555 0.652223 0.988106 0.652677 0.986759 0.652677 0.986759 0.655853 0.986311 0.656307 0.984964 0.656307 0.984964 0.659483 0.984515 0.659936 0.979578 0.659936 0.979578 0.661298 0.979129 0.661751 0.968806 0.661751 0.968806 0.663113 0.968357 0.663566 0.967011 0.663566 0.967011 0.666742 0.982720 0.666742 0.982720 0.665381 0.983169 0.664927 0.988106 0.664927 0.988106 0.661751 0.988555 0.661298 0.989901 0.661298 0.989901 0.659936 0.990350 0.659483 0.991697 0.659483 0.991697 0.656307 0.992145 0.655853 0.993492 0.655853 0.993492 0.652677 0.993941 0.652223 0.995287 0.652223 0.995287 0.649047 0.995736 0.648593 0.998878 0.648593 0.998878 0.641788 0.995736 0.641788 0.995287 0.641334 0.995287 0.639973 0.993941 0.639973 0.993492 0.639519
0 0.031194 0.627269 0.024461 0.627269 0.024461 0.654038 0.024013 0.654492 0.022666 0.654492 0.022666 0.655853 0.022217 0.656307 0.020871 0.656307 0.020871 0.657668 0.020422 0.658122 0.019075 0.658122 0.019075 0.659483 0.018627 0.659936 0.017280 0.659936 0.017280 0.661298 0.016831 0.661751 0.002917 0.661751 0.002917 0.663113 0.002469 0.663566 0.001122 0.663566 0.001122 0.666742 0.004264 0.666742 0.004713 0.667196 0.004713 0.668557 0.016831 0.668557 0.016831 0.667196 0.017280 0.666742 0.022217 0.666742 0.022217 0.665381 0.022666 0.664927 0.024013 0.664927 0.024013 0.663566 0.024461 0.663113 0.025808 0.663113 0.025808 0.661751 0.026257 0.661298 0.027603 0.661298 0.027603 0.659936 0.028052 0.659483 0.029399 0.659483 0.029399 0.654492 0.029847 0.654038 0.031194 0.654038
0 0.627244 0.627269 0.625898 0.627269 0.625449 0.625454 0.622307 0.625454 0.622307 0.626815 0.620512 0.627269 0.620512 0.639519 0.618716 0.639973 0.618267 0.641788 0.493043 0.641788 0.493043 0.643149 0.491248 0.643603 0.491248 0.646779 0.494390 0.646779 0.494838 0.650408 0.496185 0.650408 0.496634 0.648593 0.505162 0.648593 0.505610 0.650408 0.509201 0.650862 0.509201 0.655853 0.507406 0.656307 0.507406 0.657668 0.505610 0.658122 0.505610 0.659483 0.503815 0.659936 0.503366 0.661751 0.482271 0.661751 0.481822 0.659936 0.480476 0.659936 0.480027 0.658122 0.478680 0.658122 0.478232 0.656307 0.476885 0.656307 0.476436 0.654492 0.474641 0.654038 0.474641 0.634528 0.469704 0.634528 0.469704 0.657668 0.471050 0.657668 0.471499 0.659483 0.473294 0.659936 0.473294 0.663113 0.474641 0.663113 0.475090 0.664927 0.478232 0.664927 0.478680 0.666742 0.481822 0.666742 0.482271 0.668557 0.503366 0.668557 0.503815 0.666742 0.506957 0.666742 0.507406 0.664927 0.510548 0.664927 0.510548 0.663566 0.512343 0.663113 0.512792 0.661298 0.514138 0.661298 0.514138 0.654492 0.515934 0.654038 0.516382 0.648593 0.620063 0.648593 0.620063 0.647232 0.621858 0.646779 0.621858 0.645417 0.623653 0.644964 0.623653 0.643603 0.625449 0.643149 0.625898 0.641334 0.627244 0.641334
0 0.372307 0.625454 0.369165 0.625454 0.369165 0.626815 0.368716 0.627269 0.367370 0.627269 0.367370 0.654038 0.366921 0.654492 0.365575 0.654492 0.365575 0.655853 0.365126 0.656307 0.363779 0.656307 0.363779 0.659483 0.363330 0.659936 0.360189 0.659936 0.360189 0.661298 0.359740 0.661751 0.345826 0.661751 0.345826 0.663113 0.345377 0.663566 0.344031 0.663566 0.344031 0.666742 0.345377 0.666742 0.345826 0.667196 0.345826 0.668557 0.359740 0.668557 0.359740 0.667196 0.360189 0.666742 0.363330 0.666742 0.363330 0.665381 0.363779 0.664927 0.365126 0.664927 0.365126 0.663566 0.365575 0.663113 0.366921 0.663113 0.366921 0.661751 0.367370 0.661298 0.370512 0.661298 0.370512 0.659936 0.370961 0.659483 0.372307 0.659483 0.372307 0.656307 0.372756 0.655853 0.374102 0.655853 0.374102 0.627269 0.372756 0.627269 0.372307 0.626815
0 0.941876 0.614564 0.941876 0.615926 0.941427 0.616379 0.940081 0.616379 0.940081 0.619555 0.941427 0.619555 0.941876 0.620009 0.941876 0.621370 0.941427 0.621824 0.940081 0.621824 0.940081 0.623185 0.939632 0.623639 0.938285 0.623639 0.938285 0.625000 0.937837 0.625454 0.936490 0.625454 0.936490 0.626815 0.936041 0.627269 0.934695 0.627269 0.934695 0.628630 0.934246 0.629084 0.932899 0.629084 0.932899 0.632260 0.932451 0.632713 0.931104 0.632713 0.931104 0.644964 0.932451 0.644964 0.932899 0.645417 0.932899 0.646779 0.934246 0.646779 0.934695 0.647232 0.934695 0.648593 0.936041 0.648593 0.936490 0.649047 0.936490 0.650408 0.953995 0.650408 0.953995 0.649047 0.954443 0.648593 0.957585 0.648593 0.957585 0.647232 0.958034 0.646779 0.959381 0.646779 0.959381 0.643603 0.959829 0.643149 0.961176 0.643149 0.961176 0.632713 0.959829 0.632713 0.959381 0.632260 0.959381 0.629084 0.958034 0.629084 0.957585 0.628630 0.957585 0.625454 0.956239 0.625454 0.955790 0.625000 0.955790 0.623639 0.952648 0.623639 0.952199 0.623185 0.952199 0.621824 0.950853 0.621824 0.950404 0.621370 0.950404 0.620009 0.949057 0.620009 0.948609 0.619555 0.948609 0.618194 0.947262 0.618194 0.946813 0.617740 0.946813 0.616379 0.945467 0.616379 0.945018 0.615926 0.945018 0.614564
0 0.042415 0.648593 0.070691 0.648593 0.070691 0.647232 0.072487 0.646779 0.072935 0.644964 0.076077 0.644964 0.076526 0.643149 0.078321 0.643603 0.078321 0.646779 0.083259 0.646779 0.083707 0.648593 0.182002 0.648593 0.182451 0.646779 0.185592 0.646779 0.186041 0.648593 0.214318 0.648593 0.214767 0.646779 0.217908 0.646779 0.217908 0.645417 0.219704 0.644964 0.219704 0.625454 0.214767 0.625454 0.214767 0.639519 0.212971 0.639973 0.212522 0.641788 0.189632 0.641788 0.189183 0.639973 0.187388 0.639519 0.187388 0.627269 0.186041 0.627269 0.185592 0.625454 0.182451 0.625454 0.182451 0.626815 0.180655 0.627269 0.180655 0.639519 0.178860 0.639973 0.178411 0.641788 0.083707 0.641788 0.083259 0.639973 0.081912 0.639973 0.081463 0.638158 0.080117 0.638158 0.079668 0.636343 0.077873 0.635889 0.077873 0.634528 0.074282 0.634074 0.074282 0.630898 0.072935 0.630898 0.072487 0.629084 0.070691 0.628630 0.070691 0.625454 0.067549 0.625454 0.067101 0.623639 0.065305 0.623185 0.065305 0.620009 0.061715 0.619555 0.061715 0.616379 0.058573 0.616379 0.058124 0.614564 0.054982 0.614564 0.054982 0.615926 0.053187 0.616379 0.053187 0.619555 0.054533 0.619555 0.054982 0.621370 0.056329 0.621370 0.056777 0.623185 0.058124 0.623185 0.058573 0.625000 0.059919 0.625000 0.060368 0.626815 0.061715 0.626815 0.062163 0.628630 0.063510 0.628630 0.063959 0.630445 0.065305 0.630445 0.065754 0.632260 0.067549 0.632713 0.067549 0.635889 0.069345 0.636343 0.069345 0.641334 0.042415 0.641788
0 0.620512 0.610935 0.620512 0.614111 0.621858 0.614111 0.622307 0.614564 0.622307 0.617740 0.627244 0.617740 0.627244 0.616379 0.627693 0.615926 0.630835 0.615926 0.630835 0.610935 0.629488 0.610935 0.629040 0.610481 0.629040 0.609120 0.627693 0.609120 0.627244 0.608666 0.627244 0.607305 0.624102 0.607305 0.624102 0.608666 0.623653 0.609120 0.622307 0.609120 0.622307 0.610481 0.621858 0.610935
0 0.609740 0.607305 0.609740 0.608666 0.609291 0.609120 0.607944 0.609120 0.607944 0.610481 0.607495 0.610935 0.606149 0.610935 0.606149 0.614111 0.607495 0.614111 0.607944 0.614564 0.607944 0.615926 0.609291 0.615926 0.609740 0.616379 0.609740 0.617740 0.612881 0.617740 0.612881 0.616379 0.613330 0.615926 0.614677 0.615926 0.614677 0.614564 0.615126 0.614111 0.616472 0.614111 0.616472 0.610935 0.615126 0.610935 0.614677 0.610481 0.614677 0.609120 0.613330 0.609120 0.612881 0.608666 0.612881 0.607305
0 0.220153 0.607305 0.220153 0.608666 0.219704 0.609120 0.218357 0.609120 0.218357 0.610481 0.217908 0.610935 0.216562 0.610935 0.216562 0.614111 0.217908 0.614111 0.218357 0.614564 0.218357 0.615926 0.219704 0.615926 0.220153 0.616379 0.220153 0.617740 0.223294 0.617740 0.223294 0.616379 0.223743 0.615926 0.225090 0.615926 0.225090 0.614564 0.225539 0.614111 0.226885 0.614111 0.226885 0.610935 0.225539 0.610935 0.225090 0.610481 0.225090 0.609120 0.223743 0.609120 0.223294 0.608666 0.223294 0.607305
0 0.205790 0.607305 0.205790 0.608666 0.205341 0.609120 0.203995 0.609120 0.203995 0.610481 0.203546 0.610935 0.202199 0.610935 0.202199 0.614111 0.203546 0.614111 0.203995 0.614564 0.203995 0.615926 0.205341 0.615926 0.205790 0.616379 0.205790 0.617740 0.208932 0.617740 0.208932 0.616379 0.209381 0.615926 0.210727 0.615926 0.210727 0.614564 0.211176 0.614111 0.212522 0.614111 0.212522 0.610935 0.211176 0.610935 0.210727 0.610481 0.210727 0.609120 0.209381 0.609120 0.208932 0.608666 0.208932 0.607305
0 0.173474 0.607305 0.173474 0.608666 0.173025 0.609120 0.171679 0.609120 0.171679 0.610481 0.171230 0.610935 0.169883 0.610935 0.169883 0.614111 0.171230 0.614111 0.171679 0.614564 0.171679 0.615926 0.173025 0.615926 0.173474 0.616379 0.173474 0.617740 0.176616 0.617740 0.176616 0.616379 0.177065 0.615926 0.178411 0.615926 0.178411 0.614564 0.178860 0.614111 0.180206 0.614111 0.180206 0.610935 0.178860 0.610935 0.178411 0.610481 0.178411 0.609120 0.177065 0.609120 0.176616 0.608666 0.176616 0.607305
0 0.388914 0.603675 0.388914 0.605036 0.390260 0.605036 0.390709 0.605490 0.390709 0.648593 0.395646 0.648593 0.395646 0.607305 0.396095 0.606851 0.397442 0.606851 0.397442 0.605490 0.396095 0.605490 0.395646 0.605036 0.395646 0.603675
0 0.238106 0.603675 0.238106 0.639519 0.239452 0.639519 0.239901 0.639973 0.239901 0.643149 0.241248 0.643149 0.241697 0.643603 0.241697 0.646779 0.244838 0.646779 0.245287 0.647232 0.245287 0.648593 0.329219 0.648593 0.329219 0.647232 0.329668 0.646779 0.334605 0.646779 0.334605 0.645417 0.335054 0.644964 0.336400 0.644964 0.336400 0.641788 0.336849 0.641334 0.338196 0.641334 0.338196 0.627269 0.336849 0.627269 0.336400 0.626815 0.336400 0.625454 0.333259 0.625454 0.333259 0.626815 0.332810 0.627269 0.331463 0.627269 0.331463 0.639519 0.331014 0.639973 0.327873 0.639973 0.327873 0.641334 0.327424 0.641788 0.247083 0.641788 0.246634 0.641334 0.246634 0.639973 0.245287 0.639973 0.244838 0.639519 0.244838 0.603675 0.243492 0.603675 0.243043 0.603221 0.243043 0.601860 0.239901 0.601860 0.239901 0.603221 0.239452 0.603675
0 0.744390 0.600045 0.744390 0.643149 0.746185 0.643603 0.746185 0.646779 0.749327 0.646779 0.749776 0.648593 0.787029 0.648593 0.787478 0.646779 0.792415 0.646779 0.792415 0.645417 0.794210 0.644964 0.794659 0.643149 0.797801 0.643149 0.798250 0.644964 0.800045 0.645417 0.800045 0.646779 0.803187 0.646779 0.803636 0.648593 0.828321 0.648593 0.828770 0.650408 0.830117 0.650408 0.830566 0.648593 0.833707 0.648593 0.833707 0.647232 0.835503 0.646779 0.835952 0.644964 0.839093 0.644964 0.839542 0.643149 0.842684 0.643149 0.843133 0.644964 0.844928 0.645417 0.844928 0.646779 0.848070 0.646779 0.848519 0.648593 0.858842 0.648593 0.859291 0.646779 0.862433 0.646779 0.862433 0.645417 0.864228 0.644964 0.864228 0.639973 0.866023 0.639519 0.866023 0.627269 0.864228 0.626815 0.864228 0.623639 0.862433 0.623185 0.862433 0.620009 0.857495 0.620009 0.857047 0.618194 0.848519 0.618194 0.848070 0.620009 0.844928 0.620009 0.844928 0.621370 0.843133 0.621824 0.842684 0.623639 0.841338 0.623639 0.841338 0.628630 0.839542 0.629084 0.839542 0.635889 0.837747 0.636343 0.837747 0.637704 0.835952 0.638158 0.835952 0.639519 0.834156 0.639973 0.833707 0.641788 0.803636 0.641788 0.803187 0.639973 0.801391 0.639519 0.801391 0.638158 0.803187 0.637704 0.803187 0.636343 0.804982 0.635889 0.805431 0.634074 0.808573 0.634074 0.808573 0.630898 0.810368 0.630445 0.810368 0.627269 0.812163 0.626815 0.812163 0.623639 0.810817 0.623639 0.810368 0.621824 0.807226 0.621824 0.806777 0.620009 0.783887 0.620009 0.783887 0.621370 0.782092 0.621824 0.782092 0.625000 0.780296 0.625454 0.780296 0.628630 0.781643 0.628630 0.782092 0.630445 0.783438 0.630445 0.783887 0.632260 0.785233 0.632260 0.785682 0.634074 0.787029 0.634074 0.787478 0.635889 0.789273 0.636343 0.789273 0.639519 0.787478 0.639973 0.787029 0.641788 0.753366 0.641788 0.752917 0.639973 0.751122 0.639519 0.751122 0.600045 0.749776 0.600045 0.749327 0.598230 0.746185 0.598230 0.746185 0.599592
0 0.642056 0.598230 0.642056 0.643149 0.643402 0.643149 0.643851 0.644964 0.645198 0.644964 0.645646 0.646779 0.647442 0.647232 0.647442 0.648593 0.672127 0.648593 0.672127 0.647232 0.673923 0.646779 0.674372 0.644964 0.675718 0.644964 0.676167 0.646779 0.677962 0.647232 0.677962 0.648593 0.708034 0.648593 0.708483 0.646779 0.713420 0.646779 0.713869 0.648593 0.729578 0.648593 0.729578 0.647232 0.731373 0.646779 0.731822 0.644964 0.733169 0.644964 0.733169 0.641788 0.734964 0.641334 0.734964 0.629084 0.733169 0.628630 0.733169 0.623639 0.731822 0.623639 0.731373 0.621824 0.729578 0.621370 0.729578 0.620009 0.726436 0.620009 0.725987 0.618194 0.717460 0.618194 0.717011 0.620009 0.713869 0.620009 0.713869 0.621370 0.712074 0.621824 0.712074 0.626815 0.710278 0.627269 0.710278 0.632260 0.708483 0.632713 0.708483 0.639519 0.706688 0.639973 0.706239 0.641788 0.676167 0.641788 0.675718 0.639973 0.673923 0.639519 0.673923 0.598230 0.668986 0.598230 0.668986 0.639519 0.667190 0.639973 0.666741 0.641788 0.651032 0.641788 0.650584 0.639973 0.646993 0.639519 0.646993 0.598230
0 0.376346 0.603221 0.381284 0.603221 0.381284 0.601860 0.381732 0.601407 0.383079 0.601407 0.383079 0.600045 0.383528 0.599592 0.410009 0.599592 0.410009 0.594601 0.379937 0.594601 0.379937 0.595962 0.379488 0.596416 0.378142 0.596416 0.378142 0.597777 0.377693 0.598230 0.376346 0.598230
0 0.074731 0.451225 0.074731 0.452586 0.074282 0.453040 0.071140 0.453040 0.071140 0.454401 0.070691 0.454855 0.069345 0.454855 0.069345 0.456216 0.068896 0.456670 0.065754 0.456670 0.065754 0.458031 0.065305 0.458485 0.063959 0.458485 0.063959 0.459846 0.063510 0.460299 0.060368 0.460299 0.060368 0.461661 0.059919 0.462114 0.056777 0.462114 0.056777 0.465290 0.056329 0.465744 0.054982 0.465744 0.054982 0.470735 0.056329 0.470735 0.056777 0.471189 0.056777 0.474365 0.058124 0.474365 0.058573 0.474818 0.058573 0.477995 0.059919 0.477995 0.060368 0.478448 0.060368 0.479809 0.061715 0.479809 0.062163 0.480263 0.062163 0.483439 0.065305 0.483439 0.065754 0.483893 0.065754 0.487069 0.067101 0.487069 0.067549 0.487523 0.067549 0.490699 0.068896 0.490699 0.069345 0.491152 0.069345 0.494328 0.072487 0.494328 0.072935 0.494782 0.072935 0.497958 0.074282 0.497958 0.074731 0.498412 0.074731 0.499773 0.076077 0.499773 0.076526 0.500227 0.076526 0.503403 0.077873 0.503403 0.078321 0.503857 0.078321 0.505218 0.079668 0.505218 0.080117 0.505672 0.080117 0.508848 0.086849 0.508848 0.086849 0.507486 0.087298 0.507033 0.088645 0.507033 0.088645 0.505672 0.089093 0.505218 0.090440 0.505218 0.090440 0.502042 0.090889 0.501588 0.094031 0.501588 0.094031 0.500227 0.094479 0.499773 0.095826 0.499773 0.095826 0.498412 0.096275 0.497958 0.099417 0.497958 0.099417 0.496597 0.099865 0.496143 0.103007 0.496143 0.103007 0.492967 0.103456 0.492514 0.104803 0.492514 0.104803 0.491152 0.105251 0.490699 0.106598 0.490699 0.106598 0.489338 0.105251 0.489338 0.104803 0.488884 0.104803 0.487523 0.103456 0.487523 0.103007 0.487069 0.103007 0.483893 0.101661 0.483893 0.101212 0.483439 0.101212 0.482078 0.099865 0.482078 0.099417 0.481624 0.099417 0.480263 0.098070 0.480263 0.097621 0.479809 0.097621 0.476633 0.096275 0.476633 0.095826 0.476180 0.095826 0.474818 0.094479 0.474818 0.094031 0.474365 0.094031 0.473004 0.092684 0.473004 0.092235 0.472550 0.092235 0.471189 0.090889 0.471189 0.090440 0.470735 0.090440 0.469374 0.089093 0.469374 0.088645 0.468920 0.088645 0.467559 0.087298 0.467559 0.086849 0.467105 0.086849 0.463929 0.085503 0.463929 0.085054 0.463475 0.085054 0.460299 0.083707 0.460299 0.083259 0.459846 0.083259 0.458485 0.081912 0.458485 0.081463 0.458031 0.081463 0.456670 0.080117 0.456670 0.079668 0.456216 0.079668 0.454855 0.078321 0.454855 0.077873 0.454401 0.077873 0.451225
0 0.449955 0.438521 0.449955 0.559664 0.451750 0.560118 0.451750 0.563294 0.453097 0.563294 0.453546 0.565109 0.454892 0.565109 0.455341 0.566924 0.457136 0.567378 0.457136 0.568739 0.460278 0.568739 0.460727 0.570554 0.496185 0.570554 0.496185 0.569192 0.494838 0.569192 0.494390 0.567378 0.493043 0.567378 0.492594 0.565563 0.491248 0.565563 0.490799 0.563748 0.489452 0.563748 0.489004 0.561933 0.487657 0.561933 0.487208 0.560118 0.485413 0.559664 0.485413 0.438521
0 0.132181 0.413113 0.132181 0.414474 0.131732 0.414927 0.128591 0.414927 0.128591 0.416289 0.128142 0.416742 0.126795 0.416742 0.126795 0.418103 0.126346 0.418557 0.123205 0.418557 0.123205 0.419918 0.122756 0.420372 0.119614 0.420372 0.119614 0.423548 0.119165 0.424002 0.116023 0.424002 0.116023 0.425363 0.115575 0.425817 0.112433 0.425817 0.112433 0.427178 0.111984 0.427632 0.110637 0.427632 0.110637 0.432622 0.111984 0.432622 0.112433 0.433076 0.112433 0.436252 0.115575 0.436252 0.116023 0.436706 0.116023 0.441697 0.117370 0.441697 0.117819 0.442151 0.117819 0.443512 0.119165 0.443512 0.119614 0.443966 0.119614 0.447142 0.120961 0.447142 0.121409 0.447595 0.121409 0.448956 0.122756 0.448956 0.123205 0.449410 0.123205 0.450771 0.124551 0.450771 0.125000 0.451225 0.125000 0.452586 0.126346 0.452586 0.126795 0.453040 0.126795 0.454401 0.128142 0.454401 0.128591 0.454855 0.128591 0.456216 0.129937 0.456216 0.130386 0.456670 0.130386 0.459846 0.131732 0.459846 0.132181 0.460299 0.132181 0.463475 0.133528 0.463475 0.133977 0.463929 0.133977 0.465290 0.135323 0.465290 0.135772 0.465744 0.135772 0.467105 0.137118 0.467105 0.137567 0.467559 0.137567 0.468920 0.140709 0.468920 0.140709 0.467559 0.141158 0.467105 0.144300 0.467105 0.144300 0.465744 0.144749 0.465290 0.146095 0.465290 0.146095 0.463929 0.146544 0.463475 0.147890 0.463475 0.147890 0.462114 0.148339 0.461661 0.151481 0.461661 0.151481 0.460299 0.151930 0.459846 0.155072 0.459846 0.155072 0.458485 0.155521 0.458031 0.156867 0.458031 0.156867 0.456670 0.157316 0.456216 0.158662 0.456216 0.158662 0.454855 0.159111 0.454401 0.160458 0.454401 0.160458 0.451225 0.160907 0.450771 0.162253 0.450771 0.162253 0.447595 0.159111 0.447595 0.158662 0.447142 0.158662 0.443966 0.157316 0.443966 0.156867 0.443512 0.156867 0.442151 0.155521 0.442151 0.155072 0.441697 0.155072 0.440336 0.153725 0.440336 0.153276 0.439882 0.153276 0.438521 0.151930 0.438521 0.151481 0.438067 0.151481 0.434891 0.148339 0.434891 0.147890 0.434437 0.147890 0.433076 0.146544 0.433076 0.146095 0.432622 0.146095 0.429446 0.144749 0.429446 0.144300 0.428993 0.144300 0.427632 0.142953 0.427632 0.142504 0.427178 0.142504 0.424002 0.141158 0.424002 0.140709 0.423548 0.140709 0.422187 0.139363 0.422187 0.138914 0.421733 0.138914 0.418557 0.137567 0.418557 0.137118 0.418103 0.137118 0.416742 0.135772 0.416742 0.135323 0.416289 0.135323 0.414927 0.133977 0.414927 0.133528 0.414474 0.133528 0.413113
0 0.436939 0.411298 0.388914 0.411298 0.388465 0.413113 0.385323 0.413113 0.385323 0.414474 0.383528 0.414927 0.383528 0.416289 0.381732 0.416742 0.381732 0.418103 0.379937 0.418557 0.379937 0.419918 0.378142 0.420372 0.378142 0.421733 0.376346 0.422187 0.375898 0.424002 0.374551 0.424002 0.374551 0.427178 0.372756 0.427632 0.372756 0.563294 0.374551 0.563748 0.374551 0.568739 0.375898 0.568739 0.376346 0.570554 0.379488 0.570554 0.379937 0.572368 0.383079 0.572368 0.383528 0.574183 0.406418 0.574183 0.406418 0.449410 0.408214 0.448956 0.408662 0.447142 0.436939 0.447142
0 0.726436 0.407668 0.725987 0.409483 0.722846 0.409483 0.722397 0.411298 0.719255 0.411298 0.718806 0.413113 0.715664 0.413113 0.715664 0.414474 0.713869 0.414927 0.713869 0.416289 0.712074 0.416742 0.712074 0.418103 0.710278 0.418557 0.710278 0.419918 0.708483 0.420372 0.708034 0.422187 0.706688 0.422187 0.706688 0.425363 0.704892 0.425817 0.704443 0.427632 0.703097 0.427632 0.703097 0.430808 0.701302 0.431261 0.701302 0.537886 0.703097 0.538339 0.703097 0.546960 0.704443 0.546960 0.704892 0.548775 0.708034 0.548775 0.708483 0.552405 0.709829 0.552405 0.710278 0.554220 0.713420 0.554220 0.713869 0.557849 0.715215 0.557849 0.715664 0.559664 0.718806 0.559664 0.719255 0.561479 0.720601 0.561479 0.721050 0.563294 0.722846 0.563748 0.722846 0.565109 0.725987 0.565109 0.726436 0.566924 0.729578 0.566924 0.730027 0.568739 0.736759 0.568739 0.737208 0.570554 0.743941 0.570554 0.744390 0.572368 0.790619 0.572368 0.790619 0.543784 0.751571 0.543784 0.751122 0.541969 0.747980 0.541969 0.747531 0.540154 0.744390 0.540154 0.743941 0.538339 0.740799 0.538339 0.740350 0.536524 0.738555 0.536071 0.738555 0.532895 0.736759 0.532441 0.736759 0.529265 0.734964 0.528811 0.734964 0.503857 0.745736 0.503403 0.746185 0.501588 0.761894 0.501588 0.762343 0.499773 0.765485 0.499773 0.765934 0.497958 0.769075 0.497958 0.769524 0.496143 0.772666 0.496143 0.772666 0.494782 0.774461 0.494328 0.774461 0.492967 0.776257 0.492514 0.776706 0.490699 0.779847 0.490699 0.779847 0.489338 0.781643 0.488884 0.781643 0.487523 0.783438 0.487069 0.783438 0.485708 0.785233 0.485254 0.785233 0.483893 0.787029 0.483439 0.787029 0.482078 0.788824 0.481624 0.789273 0.479809 0.790619 0.479809 0.790619 0.476633 0.792415 0.476180 0.792415 0.473004 0.794210 0.472550 0.794210 0.469374 0.796005 0.468920 0.796005 0.436706 0.794210 0.436252 0.794210 0.424002 0.792415 0.423548 0.792415 0.420372 0.790619 0.419918 0.790619 0.416742 0.787478 0.416742 0.787029 0.414927 0.785682 0.414927 0.785233 0.413113 0.783438 0.412659 0.783438 0.411298 0.776706 0.411298 0.776257 0.409483 0.769524 0.409483 0.769075 0.407668
0 0.510996 0.407668 0.510996 0.436252 0.537478 0.436252 0.537926 0.438067 0.542864 0.438067 0.543312 0.439882 0.548250 0.439882 0.548698 0.441697 0.550045 0.441697 0.550494 0.443512 0.551840 0.443512 0.552289 0.445327 0.553636 0.445327 0.554084 0.447142 0.555431 0.447142 0.555880 0.448956 0.557675 0.449410 0.557675 0.454401 0.559470 0.454855 0.559470 0.476180 0.530745 0.476633 0.530296 0.478448 0.527154 0.478448 0.527154 0.479809 0.525359 0.480263 0.524910 0.482078 0.521768 0.482078 0.521320 0.483893 0.518178 0.483893 0.518178 0.485254 0.516382 0.485708 0.516382 0.487069 0.514587 0.487523 0.514138 0.489338 0.510996 0.489338 0.510996 0.490699 0.509201 0.491152 0.508752 0.492967 0.507406 0.492967 0.507406 0.496143 0.505610 0.496597 0.505610 0.499773 0.503815 0.500227 0.503815 0.503403 0.502020 0.503857 0.502020 0.507033 0.500224 0.507486 0.500224 0.510662 0.498429 0.511116 0.498429 0.514292 0.496634 0.514746 0.496634 0.517922 0.494838 0.518376 0.494838 0.554220 0.496634 0.554673 0.496634 0.557849 0.498429 0.558303 0.498429 0.561479 0.499776 0.561479 0.500224 0.563294 0.502020 0.563748 0.502020 0.565109 0.505162 0.565109 0.505610 0.566924 0.508752 0.566924 0.509201 0.568739 0.512343 0.568739 0.512792 0.570554 0.571589 0.570554 0.571589 0.569192 0.573384 0.568739 0.573384 0.567378 0.575180 0.566924 0.575628 0.565109 0.576975 0.565109 0.577424 0.566924 0.579219 0.567378 0.579219 0.570554 0.580566 0.570554 0.581014 0.572368 0.593133 0.572368 0.593133 0.438521 0.591338 0.438067 0.591338 0.434891 0.589542 0.434437 0.589542 0.431261 0.588196 0.431261 0.587747 0.429446 0.586400 0.429446 0.585952 0.427632 0.584605 0.427632 0.584156 0.425817 0.582810 0.425817 0.582361 0.424002 0.581014 0.424002 0.580566 0.422187 0.578770 0.421733 0.578770 0.420372 0.575628 0.420372 0.575180 0.418557 0.573384 0.418103 0.573384 0.416742 0.570242 0.416742 0.569794 0.414927 0.568447 0.414927 0.567998 0.413113 0.566203 0.412659 0.566203 0.411298 0.563061 0.411298 0.562612 0.409483 0.559470 0.409483 0.559022 0.407668
0 0.828770 0.411298 0.826526 0.414927 0.823384 0.414927 0.822935 0.418557 0.819794 0.418557 0.819345 0.420372 0.816203 0.420372 0.816203 0.423548 0.812612 0.424002 0.812612 0.428993 0.810817 0.429446 0.810817 0.436252 0.809022 0.436706 0.809022 0.445327 0.807226 0.445780 0.807226 0.448956 0.809022 0.449410 0.809022 0.554220 0.810817 0.554673 0.810817 0.557849 0.812163 0.557849 0.812612 0.559664 0.813959 0.559664 0.814408 0.561479 0.815754 0.561479 0.816203 0.563294 0.817549 0.563294 0.817998 0.565109 0.821589 0.567378 0.821589 0.568739 0.826526 0.568739 0.826975 0.570554 0.846275 0.570554 0.846275 0.451225 0.848070 0.450771 0.848070 0.447595 0.849865 0.447142 0.849865 0.443966 0.853456 0.443512 0.855700 0.439882 0.871409 0.439882 0.871858 0.441697 0.873653 0.442151 0.873653 0.445327 0.876795 0.445327 0.877244 0.447142 0.879040 0.447595 0.879040 0.559664 0.880835 0.560118 0.880835 0.563294 0.882630 0.563748 0.882630 0.566924 0.885772 0.566924 0.886221 0.568739 0.889363 0.568739 0.889812 0.570554 0.916293 0.570554 0.916293 0.434891 0.914497 0.434437 0.914497 0.431261 0.912702 0.430808 0.912702 0.427632 0.910907 0.427178 0.910907 0.424002 0.909111 0.423548 0.909111 0.416742 0.907765 0.416742 0.905521 0.413113 0.900584 0.413113 0.900135 0.411298 0.896993 0.411298 0.896544 0.409483 0.893402 0.409483 0.892953 0.407668 0.888016 0.407668 0.887567 0.405853 0.844928 0.405853 0.844479 0.407668 0.837747 0.407668 0.837298 0.409483 0.834156 0.409483 0.833707 0.411298
0 0.449955 0.398593 0.449955 0.432622 0.485413 0.432622 0.485413 0.398593
0 0.998878 0.364111 0.997531 0.364111 0.997531 0.367287 0.995736 0.367740 0.995736 0.409029 0.984964 0.409483 0.984515 0.411298 0.975987 0.411298 0.975539 0.413113 0.967011 0.413113 0.966562 0.414927 0.963420 0.414927 0.962971 0.416742 0.959829 0.416742 0.959829 0.418103 0.958034 0.418557 0.958034 0.419918 0.956239 0.420372 0.955790 0.422187 0.952648 0.422187 0.952648 0.423548 0.950853 0.424002 0.950404 0.425817 0.947262 0.425817 0.947262 0.428993 0.943671 0.429446 0.943671 0.430808 0.941876 0.431261 0.941876 0.434437 0.940081 0.434891 0.939632 0.436706 0.936490 0.436706 0.936490 0.441697 0.934695 0.442151 0.934695 0.445327 0.932899 0.445780 0.932899 0.452586 0.931104 0.453040 0.931104 0.497958 0.929309 0.498412 0.929309 0.501588 0.931104 0.502042 0.931104 0.545145 0.932899 0.545599 0.932899 0.548775 0.934695 0.549229 0.934695 0.552405 0.937837 0.552405 0.938285 0.554220 0.940081 0.554673 0.940081 0.557849 0.941427 0.557849 0.941876 0.559664 0.943223 0.559664 0.943671 0.561479 0.945467 0.561933 0.945467 0.563294 0.948609 0.563294 0.949057 0.565109 0.952199 0.565109 0.952648 0.566924 0.955790 0.566924 0.956239 0.568739 0.959381 0.568739 0.959829 0.570554 0.998878 0.570554 0.998878 0.531080 0.997531 0.531080 0.997531 0.532441 0.995736 0.532895 0.995287 0.536524 0.970601 0.536524 0.970153 0.534710 0.967011 0.534710 0.966562 0.532895 0.964767 0.532441 0.964767 0.463929 0.966562 0.463475 0.966562 0.460299 0.968357 0.459846 0.968357 0.453040 0.971948 0.452586 0.972397 0.448956 0.975539 0.448956 0.975987 0.447142 0.979129 0.447142 0.979129 0.445780 0.980925 0.445327 0.981373 0.443512 0.986311 0.443512 0.986759 0.441697 0.998878 0.441697
0 0.277603 0.364111 0.277154 0.365926 0.274013 0.365926 0.271768 0.369555 0.268627 0.369555 0.268627 0.370917 0.266831 0.371370 0.266831 0.372731 0.265036 0.373185 0.262792 0.376815 0.261445 0.376815 0.261445 0.379991 0.257855 0.382260 0.257855 0.385436 0.256059 0.385889 0.256059 0.389065 0.254264 0.389519 0.254264 0.470735 0.252469 0.471189 0.252469 0.476180 0.254264 0.476633 0.254264 0.554220 0.256059 0.554673 0.256059 0.559664 0.257855 0.560118 0.257855 0.563294 0.259201 0.563294 0.259650 0.565109 0.263241 0.567378 0.263241 0.568739 0.266382 0.568739 0.266831 0.570554 0.271768 0.570554 0.272217 0.572368 0.295108 0.572368 0.295108 0.571007 0.296903 0.570554 0.296903 0.569192 0.295108 0.568739 0.295108 0.549229 0.296903 0.548775 0.296903 0.522005 0.295108 0.521552 0.295108 0.505672 0.296903 0.505218 0.296903 0.494782 0.298698 0.494328 0.299147 0.492514 0.302289 0.492514 0.302738 0.490699 0.305880 0.490699 0.306329 0.488884 0.313061 0.488884 0.313510 0.487069 0.316652 0.487069 0.317101 0.485254 0.322038 0.485254 0.322487 0.483439 0.327424 0.483439 0.327873 0.561479 0.329668 0.561933 0.329668 0.565109 0.331463 0.565563 0.331463 0.568739 0.332810 0.568739 0.333259 0.570554 0.338196 0.570554 0.340440 0.574183 0.341786 0.574183 0.342235 0.572368 0.359740 0.572368 0.359740 0.387704 0.357944 0.387250 0.357944 0.384074 0.356149 0.383621 0.356149 0.380445 0.354803 0.380445 0.354354 0.378630 0.353007 0.378630 0.352558 0.376815 0.351212 0.376815 0.350763 0.375000 0.349417 0.375000 0.348968 0.373185 0.347621 0.373185 0.347172 0.371370 0.343582 0.369102 0.343582 0.367740 0.340440 0.367740 0.338196 0.364111 0.335054 0.364111 0.334605 0.362296 0.324282 0.362296 0.323833 0.360481 0.293761 0.360481 0.293312 0.362296 0.282989 0.362296 0.282540 0.364111
0 0.208932 0.362296 0.200404 0.362296 0.186041 0.358666 0.182002 0.355036 0.162253 0.351407 0.094479 0.349592 0.076526 0.351407 0.065305 0.356851 0.044210 0.360481 0.010099 0.376815 0.010099 0.483439 0.013689 0.501588 0.028052 0.534256 0.032989 0.536071 0.037029 0.543330 0.071140 0.576452 0.063959 0.586887 0.108393 0.590517 0.108393 0.581897 0.103007 0.574183 0.099417 0.549229 0.094479 0.549229 0.086849 0.558303 0.080117 0.554673 0.079668 0.551044 0.058124 0.530626 0.058124 0.527450 0.047352 0.516107 0.038375 0.497958 0.034785 0.483439 0.034785 0.394964 0.065754 0.381806 0.090889 0.376361 0.146095 0.376361 0.173025 0.381806 0.175269 0.385436 0.190978 0.389065 0.191427 0.392695 0.198160 0.392695 0.202199 0.396779 0.202199 0.476180 0.196813 0.499773 0.189632 0.511116 0.189632 0.516107 0.186041 0.516561 0.176616 0.532895 0.169434 0.528811 0.167639 0.522005 0.164048 0.521552 0.164048 0.516561 0.160458 0.516107 0.153276 0.502042 0.149686 0.501588 0.149686 0.496597 0.144300 0.494328 0.144300 0.489338 0.133528 0.476180 0.135323 0.469374 0.111984 0.441697 0.110189 0.434891 0.098070 0.433076 0.080117 0.447595 0.080117 0.452586 0.087298 0.458485 0.089093 0.465290 0.099865 0.473004 0.107047 0.487069 0.112433 0.487523 0.114228 0.494328 0.117819 0.494782 0.132181 0.519737 0.146544 0.534710 0.164497 0.563294 0.173025 0.570554 0.184246 0.557849 0.187388 0.557849 0.193223 0.548775 0.196364 0.548775 0.199955 0.540154 0.203546 0.539701 0.210727 0.530626 0.216113 0.516561 0.219704 0.516107 0.221499 0.500227 0.226885 0.487069 0.226885 0.375000 0.223743 0.375000 0.221499 0.369555 0.214767 0.369555
0 0.745736 0.327813 0.740799 0.327813 0.740350 0.329628 0.735413 0.329628 0.734964 0.331443 0.730027 0.331443 0.729578 0.333258 0.722846 0.333258 0.722397 0.335073 0.719255 0.335073 0.718806 0.336887 0.713869 0.336887 0.713420 0.338702 0.706688 0.338702 0.706239 0.340517 0.701302 0.340517 0.700853 0.342332 0.697711 0.342332 0.697262 0.344147 0.694120 0.344147 0.693671 0.345962 0.688734 0.345962 0.688285 0.347777 0.681553 0.347777 0.681104 0.349592 0.677962 0.349592 0.677513 0.351407 0.672576 0.351407 0.672127 0.353221 0.667190 0.353221 0.666741 0.355036 0.661804 0.355036 0.661355 0.356851 0.654623 0.356851 0.652379 0.360481 0.649237 0.360481 0.648788 0.362296 0.643851 0.362296 0.643402 0.364111 0.640260 0.364111 0.639812 0.365926 0.634874 0.365926 0.634426 0.367740 0.629488 0.367740 0.629040 0.369555 0.625898 0.369555 0.625449 0.371370 0.618716 0.371370 0.618267 0.373185 0.615126 0.373185 0.614677 0.375000 0.609740 0.375000 0.609291 0.376815 0.606149 0.376815 0.603905 0.380445 0.598968 0.380445 0.598519 0.382260 0.593582 0.382260 0.593133 0.384074 0.588196 0.384074 0.587747 0.385889 0.584605 0.385889 0.584605 0.387250 0.582810 0.387704 0.582810 0.419918 0.589542 0.419918 0.589991 0.418103 0.594928 0.418103 0.595377 0.416289 0.598519 0.416289 0.598968 0.414474 0.602109 0.414474 0.602558 0.412659 0.607495 0.412659 0.607944 0.410844 0.611086 0.410844 0.611535 0.409029 0.614677 0.409029 0.615126 0.407214 0.618267 0.407214 0.618716 0.405399 0.623653 0.405399 0.624102 0.403584 0.627244 0.403584 0.627693 0.401770 0.632630 0.401770 0.633079 0.399955 0.636221 0.399955 0.636670 0.398140 0.641607 0.398140 0.642056 0.399955 0.643402 0.399955 0.643402 0.398593 0.641607 0.398140 0.642056 0.396325 0.647442 0.396779 0.647442 0.561479 0.649237 0.561933 0.649237 0.565109 0.650584 0.565109 0.654623 0.570554 0.681104 0.570554 0.681104 0.385889 0.684695 0.385436 0.685144 0.383621 0.690081 0.383621 0.690530 0.381806 0.693671 0.381806 0.694120 0.379991 0.697262 0.379991 0.697711 0.378176 0.702648 0.378176 0.703097 0.376361 0.706239 0.376361 0.706688 0.374546 0.711625 0.374546 0.712074 0.372731 0.717011 0.372731 0.717460 0.370917 0.720601 0.370917 0.721050 0.369102 0.724192 0.369102 0.724641 0.367287 0.729578 0.367287 0.730027 0.365472 0.734964 0.365472 0.735413 0.363657 0.738555 0.363657 0.739004 0.361842 0.745736 0.360027
