0 0.093942 0.968195 0.093942 0.984467 0.096242 0.984467 0.097009 0.985947 0.097009 0.990385 0.102377 0.990385 0.103144 0.991864 0.103144 0.996302 0.117715 0.996302 0.117715 0.991864 0.115414 0.991864 0.114647 0.990385 0.114647 0.980030 0.109279 0.980030 0.108512 0.978550 0.108512 0.968195 0.103144 0.968195 0.102377 0.966716 0.102377 0.962278 0.097009 0.962278 0.097009 0.966716 0.096242 0.968195
0 0.376150 0.938609 0.376150 0.943047 0.375383 0.944527 0.373083 0.944527 0.373083 0.948964 0.372316 0.950444 0.370015 0.950444 0.370015 0.960799 0.372316 0.960799 0.373083 0.962278 0.373083 0.966716 0.375383 0.966716 0.376150 0.968195 0.376150 0.972633 0.384586 0.972633 0.384586 0.968195 0.385353 0.966716 0.387653 0.966716 0.387653 0.962278 0.388420 0.960799 0.390721 0.960799 0.390721 0.950444 0.388420 0.950444 0.387653 0.948964 0.387653 0.944527 0.385353 0.944527 0.384586 0.943047 0.384586 0.938609
0 0.351610 0.938609 0.351610 0.943047 0.350844 0.944527 0.348543 0.944527 0.348543 0.948964 0.347776 0.950444 0.345475 0.950444 0.345475 0.960799 0.347776 0.960799 0.348543 0.962278 0.348543 0.966716 0.350844 0.966716 0.351610 0.968195 0.351610 0.972633 0.360046 0.972633 0.360046 0.968195 0.360813 0.966716 0.363113 0.966716 0.363113 0.962278 0.363880 0.960799 0.366181 0.960799 0.366181 0.950444 0.363880 0.950444 0.363113 0.948964 0.363113 0.944527 0.360813 0.944527 0.360046 0.943047 0.360046 0.938609
0 0.296396 0.938609 0.296396 0.943047 0.295629 0.944527 0.293328 0.944527 0.293328 0.948964 0.292561 0.950444 0.290261 0.950444 0.290261 0.960799 0.292561 0.960799 0.293328 0.962278 0.293328 0.966716 0.295629 0.966716 0.296396 0.968195 0.296396 0.972633 0.304831 0.972633 0.304831 0.968195 0.305598 0.966716 0.307899 0.966716 0.307899 0.962278 0.308666 0.960799 0.310966 0.960799 0.310966 0.950444 0.308666 0.950444 0.307899 0.948964 0.307899 0.944527 0.305598 0.944527 0.304831 0.943047 0.304831 0.938609
0 0.667561 0.926775 0.667561 0.996302 0.679064 0.996302 0.679064 0.926775
0 0.409893 0.920858 0.409893 0.925296 0.409126 0.926775 0.406825 0.926775 0.406825 0.996302 0.421396 0.996302 0.421396 0.926775 0.419095 0.926775 0.418328 0.925296 0.418328 0.920858
0 0.643021 0.925296 0.654525 0.925296 0.654525 0.914941 0.655291 0.913462 0.703604 0.913462 0.703604 0.897189 0.652224 0.897189 0.652224 0.901627 0.651457 0.903107 0.646089 0.903107 0.646089 0.907544 0.645322 0.909024 0.643021 0.909024
0 0.130752 0.400148 0.130752 0.404586 0.129985 0.406065 0.124617 0.406065 0.124617 0.410503 0.123850 0.411982 0.118482 0.411982 0.118482 0.416420 0.117715 0.417899 0.112347 0.417899 0.112347 0.428254 0.111580 0.429734 0.106212 0.429734 0.106212 0.434172 0.105445 0.435651 0.100077 0.435651 0.100077 0.446006 0.099310 0.447485 0.097009 0.447485 0.097009 0.463757 0.099310 0.463757 0.100077 0.465237 0.100077 0.475592 0.102377 0.475592 0.103144 0.477071 0.103144 0.487426 0.105445 0.487426 0.106212 0.488905 0.106212 0.493343 0.108512 0.493343 0.109279 0.494822 0.109279 0.505177 0.111580 0.505177 0.112347 0.506657 0.112347 0.511095 0.114647 0.511095 0.115414 0.512574 0.115414 0.517012 0.117715 0.517012 0.118482 0.518491 0.118482 0.528846 0.120782 0.528846 0.121549 0.530325 0.121549 0.540680 0.126917 0.540680 0.127684 0.542160 0.127684 0.552515 0.129985 0.552515 0.130752 0.553994 0.130752 0.564349 0.133052 0.564349 0.133819 0.565828 0.133819 0.570266 0.136120 0.570266 0.136887 0.571746 0.136887 0.582101 0.139187 0.582101 0.139954 0.583580 0.139954 0.588018 0.151457 0.588018 0.151457 0.583580 0.152224 0.582101 0.154525 0.582101 0.154525 0.577663 0.155291 0.576183 0.157592 0.576183 0.157592 0.565828 0.158359 0.564349 0.163727 0.564349 0.163727 0.559911 0.164494 0.558432 0.166794 0.558432 0.166794 0.553994 0.167561 0.552515 0.172929 0.552515 0.172929 0.548077 0.173696 0.546598 0.179064 0.546598 0.179064 0.536243 0.179831 0.534763 0.182132 0.534763 0.182132 0.530325 0.182899 0.528846 0.185199 0.528846 0.185199 0.524408 0.182899 0.524408 0.182132 0.522929 0.182132 0.518491 0.179831 0.518491 0.179064 0.517012 0.179064 0.506657 0.176764 0.506657 0.175997 0.505177 0.175997 0.500740 0.173696 0.500740 0.172929 0.499260 0.172929 0.494822 0.170629 0.494822 0.169862 0.493343 0.169862 0.482988 0.167561 0.482988 0.166794 0.481509 0.166794 0.477071 0.164494 0.477071 0.163727 0.475592 0.163727 0.471154 0.161426 0.471154 0.160660 0.469675 0.160660 0.465237 0.158359 0.465237 0.157592 0.463757 0.157592 0.459320 0.155291 0.459320 0.154525 0.457840 0.154525 0.453402 0.152224 0.453402 0.151457 0.451923 0.151457 0.441568 0.149156 0.441568 0.148390 0.440089 0.148390 0.429734 0.146089 0.429734 0.145322 0.428254 0.145322 0.423817 0.143021 0.423817 0.142255 0.422337 0.142255 0.417899 0.139954 0.417899 0.139187 0.416420 0.139187 0.411982 0.136887 0.411982 0.136120 0.410503 0.136120 0.400148
0 0.768788 0.358728 0.768788 0.753698 0.771856 0.755177 0.771856 0.765533 0.774156 0.765533 0.774923 0.771450 0.777224 0.771450 0.777991 0.777367 0.781058 0.778846 0.781058 0.783284 0.786426 0.783284 0.787193 0.789201 0.847776 0.789201 0.847776 0.778846 0.845475 0.778846 0.844709 0.772929 0.841641 0.771450 0.841641 0.767012 0.836273 0.767012 0.835506 0.761095 0.833206 0.761095 0.832439 0.755177 0.829371 0.753698 0.829371 0.358728
0 0.749617 0.269970 0.664494 0.269970 0.663727 0.275888 0.658359 0.275888 0.658359 0.280325 0.655291 0.281805 0.655291 0.286243 0.652224 0.287722 0.652224 0.292160 0.649156 0.293639 0.649156 0.298077 0.646089 0.299556 0.646089 0.303994 0.643021 0.305473 0.642255 0.311391 0.639954 0.311391 0.639954 0.321746 0.636886 0.323225 0.636886 0.765533 0.639954 0.767012 0.639954 0.777367 0.643021 0.778846 0.643021 0.789201 0.648390 0.789201 0.649156 0.795118 0.654525 0.795118 0.655291 0.801036 0.697469 0.801036 0.697469 0.388314 0.749617 0.386834
0 0.873083 0.258136 0.873083 0.351331 0.918328 0.351331 0.919095 0.357249 0.927531 0.357249 0.928298 0.363166 0.936733 0.363166 0.937500 0.369083 0.939801 0.369083 0.940567 0.375000 0.942868 0.375000 0.943635 0.380917 0.945936 0.380917 0.946702 0.386834 0.949003 0.386834 0.949770 0.392751 0.952837 0.394231 0.952837 0.410503 0.955905 0.411982 0.955905 0.481509 0.906825 0.482988 0.906058 0.488905 0.900690 0.488905 0.900690 0.493343 0.897623 0.494822 0.896856 0.500740 0.891488 0.500740 0.890721 0.506657 0.885353 0.506657 0.885353 0.511095 0.882285 0.512574 0.882285 0.517012 0.879218 0.518491 0.878451 0.524408 0.873083 0.524408 0.873083 0.528846 0.870015 0.530325 0.869248 0.536243 0.866948 0.536243 0.866948 0.546598 0.863880 0.548077 0.863880 0.558432 0.860813 0.559911 0.860813 0.570266 0.857745 0.571746 0.857745 0.582101 0.854678 0.583580 0.854678 0.593935 0.851610 0.595414 0.851610 0.605769 0.848543 0.607249 0.848543 0.617604 0.845475 0.619083 0.845475 0.735947 0.848543 0.737426 0.848543 0.747781 0.851610 0.749260 0.851610 0.759615 0.853911 0.759615 0.854678 0.765533 0.857745 0.767012 0.857745 0.771450 0.863114 0.771450 0.863880 0.777367 0.869248 0.777367 0.870015 0.783284 0.875383 0.783284 0.876150 0.789201 0.976610 0.789201 0.976610 0.784763 0.979678 0.783284 0.979678 0.778846 0.982745 0.777367 0.983512 0.771450 0.985813 0.771450 0.986580 0.777367 0.989647 0.778846 0.989647 0.789201 0.991948 0.789201 0.992715 0.795118 0.998083 0.795118 0.998083 0.317308 0.995782 0.317308 0.995015 0.311391 0.992715 0.311391 0.991948 0.305473 0.988880 0.303994 0.988880 0.299556 0.983512 0.299556 0.982745 0.293639 0.979678 0.292160 0.979678 0.287722 0.974310 0.287722 0.973543 0.281805 0.971242 0.281805 0.970475 0.275888 0.967408 0.274408 0.967408 0.269970 0.962040 0.269970 0.961273 0.264053 0.955905 0.264053 0.955138 0.258136
0 0.768788 0.228550 0.768788 0.339497 0.829371 0.339497 0.829371 0.228550
0 0.995782 0.193047 0.995782 0.298077 0.998083 0.298077 0.998083 0.193047
0 0.477377 0.116124 0.476610 0.122041 0.471242 0.122041 0.470475 0.127959 0.465107 0.127959 0.465107 0.132396 0.462040 0.133876 0.462040 0.138314 0.458972 0.139793 0.458972 0.144231 0.455905 0.145710 0.455905 0.150148 0.452837 0.151627 0.452837 0.156065 0.449770 0.157544 0.445936 0.169379 0.443635 0.169379 0.443635 0.179734 0.440567 0.181213 0.440567 0.191568 0.437500 0.193047 0.437500 0.203402 0.434433 0.204882 0.434433 0.735947 0.437500 0.737426 0.437500 0.753698 0.440567 0.755177 0.440567 0.765533 0.442868 0.765533 0.443635 0.771450 0.449770 0.778846 0.449770 0.783284 0.455138 0.783284 0.455905 0.789201 0.464340 0.789201 0.465107 0.795118 0.507285 0.795118 0.507285 0.553994 0.510353 0.552515 0.510353 0.536243 0.519555 0.534763 0.520322 0.528846 0.525690 0.528846 0.526457 0.522929 0.534893 0.522929 0.535659 0.517012 0.544095 0.517012 0.544862 0.511095 0.550230 0.511095 0.550997 0.505177 0.559433 0.505177 0.560199 0.759615 0.563267 0.761095 0.563267 0.771450 0.565567 0.771450 0.566334 0.777367 0.572469 0.784763 0.572469 0.789201 0.577837 0.789201 0.578604 0.795118 0.617715 0.795118 0.617715 0.198964 0.614647 0.197485 0.614647 0.187130 0.611580 0.185651 0.611580 0.175296 0.608512 0.173817 0.608512 0.163462 0.606212 0.163462 0.605445 0.157544 0.603144 0.157544 0.602377 0.151627 0.600077 0.151627 0.599310 0.145710 0.597009 0.145710 0.596242 0.139793 0.590107 0.132396 0.590107 0.127959 0.584739 0.127959 0.583972 0.122041 0.578604 0.122041 0.577837 0.116124 0.572469 0.116124 0.571702 0.110207 0.554064 0.110207 0.553298 0.104290 0.504985 0.104290 0.504218 0.110207 0.486580 0.110207 0.485813 0.116124
0 0.360046 0.110207 0.342408 0.110207 0.314034 0.086538 0.280291 0.074704 0.164494 0.068787 0.078604 0.104290 0.020322 0.157544 0.020322 0.511095 0.026457 0.564349 0.050997 0.670858 0.059433 0.676775 0.124617 0.808432 0.112347 0.842456 0.188267 0.854290 0.188267 0.826183 0.179064 0.801036 0.172929 0.719675 0.161426 0.719675 0.151457 0.749260 0.139954 0.737426 0.080905 0.605769 0.062500 0.505177 0.062500 0.216716 0.115414 0.173817 0.158359 0.156065 0.252684 0.156065 0.295629 0.173817 0.345475 0.222633 0.345475 0.487426 0.336273 0.564349 0.301764 0.666420 0.268021 0.588018 0.264954 0.565828 0.258819 0.564349 0.258819 0.548077 0.249617 0.540680 0.249617 0.524408 0.237347 0.505177 0.231212 0.481509 0.234279 0.459320 0.222009 0.440089 0.222009 0.423817 0.212807 0.416420 0.191334 0.363166 0.192101 0.345414 0.201304 0.358728 0.238113 0.457840 0.249617 0.451923 0.277224 0.410503 0.280291 0.388314 0.264954 0.369083 0.261887 0.346893 0.252684 0.339497 0.231212 0.275888 0.195169 0.317308 0.191334 0.346893 0.170629 0.340976 0.139954 0.388314 0.139954 0.404586 0.152224 0.423817 0.155291 0.446006 0.173696 0.471154 0.185966 0.517012 0.195169 0.518491 0.195169 0.534763 0.222776 0.595414 0.228911 0.629438 0.234279 0.629438 0.250383 0.666420 0.262653 0.712278 0.271856 0.725592 0.271856 0.741864 0.293328 0.789201 0.298696 0.789201 0.363113 0.659024 0.378451 0.605769 0.381518 0.553994 0.387653 0.546598 0.390721 0.157544 0.381518 0.133876 0.363880 0.127959
